0 0 261842.625
0 1 261058.675
0 2 260584.575
0 3 259459.45
0 4 259259.65
0 5 258814.675
0 6 259174.775
0 7 258803.35
0 8 258752.2
0 9 258756.775
0 10 258387.625
0 11 258283.725
0 12 259081.975
0 13 259148.65
0 14 258812.65
0 15 258346.925
0 16 257488.825
0 17 257232.5
0 18 256481.4
0 19 256057.15
0 20 256507.425
0 21 256618.025
0 22 257377.4
0 23 256989.0
0 24 256635.175
0 25 256903.225
0 26 256509.125
0 27 256813.05
0 28 256440.625
0 29 254719.2
0 30 253479.65
0 31 252350.3
0 32 252506.875
0 33 251799.65
0 34 250724.725
0 35 249881.55
0 36 247886.45
0 37 247034.575
0 38 246801.925
0 39 246862.8
0 40 246819.375
0 41 246007.625
0 42 245848.625
0 43 245867.775
0 44 244985.775
0 45 243780.625
0 46 244441.35
0 47 245617.425
0 48 244868.325
0 49 243852.875
0 50 244291.55
0 51 244602.2
0 52 245318.05
0 53 244906.925
0 54 243467.975
0 55 241091.975
0 56 240959.425
0 57 240247.875
0 58 240274.55
0 59 241946.0
0 60 244096.15
0 61 244919.925
0 62 244316.975
0 63 245376.725
0 64 245994.6
0 65 247556.525
0 66 247329.325
0 67 248150.6
0 68 247801.825
0 69 247889.3
0 70 246808.625
0 71 246605.95
0 72 246850.675
0 73 244971.275
0 74 243850.85
0 75 244012.925
0 76 242836.05
0 77 243055.525
0 78 243428.95
0 79 245024.85
0 80 245039.975
0 81 244310.675
0 82 243302.775
0 83 243979.85
0 84 242975.275
0 85 242078.45
0 86 241924.1
0 87 241586.9
0 88 240398.675
0 89 240428.1
0 90 241063.3
0 91 242122.075
0 92 243478.575
0 93 245304.8
0 94 244610.925
0 95 245301.975
0 96 247477.025
0 97 245726.0
0 98 246149.65
0 99 246138.375
0 100 245524.7
0 101 244508.95
0 102 244404.9
0 103 243750.375
0 104 243471.725
0 105 243068.375
0 106 244209.625
0 107 245167.4
0 108 247498.425
0 109 247538.5
0 110 248134.175
0 111 247821.1
0 112 244857.075
0 113 245510.725
0 114 245108.675
0 115 245333.5
0 116 245007.675
0 117 244486.425
0 118 243820.2
0 119 242761.5
0 120 241454.575
0 121 242167.275
0 122 241850.725
0 123 241156.275
0 124 239553.2
0 125 235661.425
0 126 234403.675
0 127 233340.125
0 128 232433.15
0 129 230401.925
0 130 229541.3
0 131 230449.925
0 132 229222.05
0 133 229096.125
0 134 228373.725
0 135 228229.3
0 136 229562.65
0 137 230888.65
0 138 232303.0
0 139 232683.025
0 140 234841.025
0 141 235718.525
0 142 236340.625
0 143 238594.025
0 144 239461.8
0 145 240864.925
0 146 242063.125
0 147 243534.175
0 148 246169.325
0 149 246360.45
0 150 246383.1
0 151 246794.775
0 152 248179.275
0 153 248821.15
0 154 247996.075
0 155 247866.85
0 156 248821.675
0 157 249082.55
0 158 249433.925
0 159 247960.8
0 160 245666.4
0 161 244826.925
0 162 242933.8
0 163 243294.85
0 164 241839.7
0 165 240291.525
0 166 239315.2
0 167 238237.5
0 168 237446.2
0 169 237693.85
0 170 235990.675
0 171 235517.45
0 172 235195.525
0 173 234433.8
0 174 233360.925
0 175 232896.95
0 176 231557.975
0 177 230484.7
0 178 231473.775
0 179 233293.55
0 180 235831.475
0 181 237675.4
0 182 235809.275
0 183 236048.45
0 184 234379.6
0 185 234658.95
0 186 235389.775
0 187 236382.65
0 188 237903.05
0 189 239370.725
0 190 239507.375
0 191 239282.875
0 192 238084.375
0 193 237036.925
0 194 237514.85
0 195 237540.6
0 196 237406.2
0 197 238544.375
0 198 237064.5
0 199 236728.975
0 200 233933.9
0 201 234988.725
0 202 233816.325
0 203 234214.25
0 204 235191.925
0 205 236796.325
0 206 237995.0
0 207 239267.875
0 208 239482.025
0 209 235612.25
0 210 236048.275
0 211 235247.675
0 212 233018.475
0 213 233011.15
0 214 235482.175
0 215 235604.9
0 216 236534.05
0 217 235274.075
0 218 236163.925
0 219 236693.8
0 220 238348.175
0 221 238618.05
0 222 238056.65
0 223 237759.65
0 224 235803.1
0 225 235422.0
0 226 236882.575
0 227 237868.275
0 228 237365.25
0 229 235969.775
0 230 235685.25
0 231 234934.85
0 232 237214.5
0 233 237976.85
0 234 236587.125
0 235 236218.025
0 236 236462.7
0 237 235250.275
0 238 235452.3
0 239 235800.125
0 240 237081.725
0 241 238309.575
0 242 238416.8
0 243 237215.225
0 244 237115.45
0 245 237751.825
0 246 237034.475
0 247 235521.225
0 248 235146.2
0 249 235819.2
0 250 239531.325
0 251 239090.425
0 252 239164.325
0 253 238782.65
0 254 240542.75
0 255 241254.5
0 256 242631.925
0 257 245336.65
0 258 246635.375
0 259 245961.375
0 260 246435.6
0 261 246091.75
0 262 248422.425
0 263 248676.4
0 264 248751.025
0 265 248233.65
0 266 247543.425
0 267 247963.9
0 268 247748.725
0 269 246962.075
0 270 245419.45
0 271 244705.925
0 272 243812.075
0 273 243100.025
0 274 242437.875
0 275 243694.6
0 276 242237.55
0 277 244315.45
0 278 242917.075
0 279 243086.025
0 280 244226.375
0 281 245293.775
0 282 244932.5
0 283 244297.775
0 284 244392.05
0 285 245241.025
0 286 244895.025
0 287 245665.275
0 288 245504.65
0 289 245009.65
0 290 244437.7
0 291 245102.6
0 292 245495.875
0 293 245670.375
0 294 246783.825
0 295 246464.875
0 296 244248.2
0 297 243806.675
0 298 243655.2
0 299 241337.55
0 300 239961.425
0 301 239678.65
0 302 239064.825
0 303 237258.575
0 304 235528.725
0 305 235033.625
0 306 233107.65
0 307 231160.2
0 308 229268.55
0 309 229797.425
0 310 231467.425
0 311 234147.225
0 312 236758.025
0 313 236203.425
0 314 237973.225
0 315 237932.6
0 316 238603.175
0 317 238327.275
0 318 239265.375
0 319 238434.175
0 320 237854.225
0 321 237556.75
0 322 236648.0
0 323 236751.775
0 324 240211.525
0 325 241509.075
0 326 240602.775
0 327 240963.45
0 328 240901.775
0 329 240226.15
0 330 239801.05
0 331 238856.175
0 332 240144.45
0 333 240242.2
0 334 240862.325
0 335 240474.425
0 336 240717.575
0 337 241384.025
0 338 239362.6
0 339 238415.975
0 340 235710.225
0 341 235794.25
0 342 235192.625
0 343 237114.2
0 344 237631.0
0 345 237705.825
0 346 239310.5
0 347 238767.1
0 348 238973.525
0 349 238420.825
0 350 238147.9
0 351 238942.125
0 352 239303.3
0 353 240226.225
0 354 241961.925
0 355 242517.725
0 356 242916.6
0 357 242307.825
0 358 243414.85
0 359 244871.8
0 360 244728.45
0 361 243855.35
0 362 244480.3
0 363 245572.55
0 364 245896.975
0 365 244923.2
0 366 244204.15
0 367 245721.675
0 368 244997.65
0 369 244594.6
0 370 242862.05
0 371 240584.0
0 372 240320.775
0 373 239889.5
0 374 240254.55
0 375 239813.925
0 376 239522.55
0 377 240946.825
0 378 239648.6
0 379 240975.65
0 380 240814.525
0 381 241109.525
0 382 242186.725
0 383 242502.225
0 384 240710.05
0 385 241794.55
0 386 241797.575
0 387 241248.35
0 388 242764.3
0 389 244350.075
0 390 244900.325
0 391 246159.8
0 392 246808.525
0 393 246032.925
0 394 243617.8
0 395 240731.05
0 396 239446.65
0 397 239927.85
0 398 239100.3
0 399 238641.525
0 400 238171.825
0 401 238240.6
0 402 237177.95
0 403 236811.975
0 404 235284.55
0 405 237321.95
0 406 236139.375
0 407 236956.6
0 408 237120.825
0 409 238107.95
0 410 240485.75
0 411 241388.725
0 412 240381.775
0 413 240540.75
0 414 239566.325
0 415 240370.125
0 416 239942.85
0 417 240033.975
0 418 239677.125
0 419 238891.725
0 420 240024.475
0 421 240022.0
0 422 238288.25
0 423 236515.3
0 424 235839.825
0 425 235982.575
0 426 236190.65
0 427 236330.95
0 428 236134.05
0 429 238561.65
0 430 239626.125
0 431 239954.775
0 432 239580.8
0 433 240403.175
0 434 241189.85
0 435 241160.725
0 436 241513.725
0 437 241847.05
0 438 243542.85
0 439 242221.3
0 440 242334.625
0 441 243865.15
0 442 243938.575
0 443 245343.525
0 444 244822.025
0 445 244726.075
0 446 246080.525
0 447 247645.875
0 448 247701.05
0 449 246822.175
0 450 246201.225
0 451 246973.3
0 452 247603.75
0 453 247974.125
0 454 247124.95
0 455 246665.525
0 456 245569.05
0 457 242935.45
0 458 241751.5
0 459 242850.55
0 460 242244.025
0 461 241021.15
0 462 242181.375
0 463 242389.225
0 464 241702.9
0 465 242544.525
0 466 242971.75
0 467 243696.675
0 468 244630.825
0 469 245145.5
0 470 244811.25
0 471 244502.325
0 472 244352.425
0 473 242791.875
0 474 241487.35
0 475 242945.15
0 476 245630.275
0 477 245435.375
0 478 244320.45
0 479 244455.925
0 480 245438.95
0 481 244083.5
0 482 243397.4
0 483 241768.025
0 484 242747.725
0 485 241746.525
0 486 243385.175
0 487 244189.6
0 488 243100.975
0 489 243319.275
0 490 243713.325
0 491 243868.45
0 492 244878.375
0 493 245154.525
0 494 246545.9
0 495 246241.65
0 496 247596.825
0 497 248042.7
0 498 248470.75
0 499 248440.425
0 500 246340.475
0 501 246792.75
0 502 245290.925
0 503 245805.2
0 504 245966.375
0 505 247006.9
0 506 246041.0
0 507 245844.325
0 508 245497.625
0 509 241913.725
0 510 240200.2
0 511 240721.3
0 512 239776.075
0 513 241787.875
0 514 240817.725
0 515 241540.375
0 516 239758.05
0 517 241461.15
0 518 239275.775
0 519 239504.925
0 520 240536.85
0 521 240681.975
0 522 241546.275
0 523 241790.725
0 524 242026.6
0 525 240475.05
0 526 240245.35
0 527 241566.0
0 528 240042.125
0 529 241320.85
0 530 241220.4
0 531 241178.125
0 532 240028.9
0 533 239593.675
0 534 240701.3
0 535 241513.475
0 536 243600.325
0 537 243165.675
0 538 242854.225
0 539 241931.2
0 540 240404.9
0 541 240237.45
0 542 239269.5
0 543 238176.875
0 544 238448.725
0 545 240231.875
0 546 239040.65
0 547 238629.625
0 548 238445.075
0 549 239654.0
0 550 240988.325
0 551 241169.6
0 552 240696.3
0 553 239416.225
0 554 238869.375
0 555 239944.375
0 556 238439.7
0 557 239884.475
0 558 240711.975
0 559 241542.0
0 560 240768.125
0 561 241238.525
0 562 240064.65
0 563 239410.475
0 564 240846.7
0 565 241205.025
0 566 240535.95
0 567 237464.6
0 568 237070.3
0 569 236373.625
0 570 236144.125
0 571 237639.1
0 572 239008.1
0 573 238561.25
0 574 239169.9
0 575 239267.975
0 576 239550.475
0 577 239305.825
0 578 238310.8
0 579 239376.375
0 580 239639.625
0 581 239936.6
0 582 240618.15
0 583 242223.35
0 584 242524.525
0 585 244302.225
0 586 244861.325
0 587 244993.475
0 588 244243.775
0 589 242542.75
0 590 242020.175
0 591 241506.0
0 592 241942.1
0 593 242043.2
0 594 242169.45
0 595 242044.2
0 596 241692.925
0 597 239231.85
0 598 242186.65
0 599 242315.425
0 600 241230.15
0 601 240473.1
0 602 239073.375
0 603 241253.6
0 604 242270.35
0 605 241461.525
0 606 240060.25
0 607 239435.2
0 608 239290.4
0 609 238530.65
0 610 236290.45
0 611 234809.075
0 612 235227.55
0 613 235329.375
0 614 235829.675
0 615 235135.15
0 616 234101.25
0 617 234648.25
0 618 234940.525
0 619 235796.075
0 620 237983.8
0 621 238122.975
0 622 237875.85
0 623 238942.525
0 624 241054.15
0 625 242102.725
0 626 242613.2
0 627 243843.75
0 628 244271.425
0 629 244730.875
0 630 245190.25
0 631 244602.875
0 632 245388.6
0 633 245440.65
0 634 244429.45
0 635 244589.0
0 636 242391.775
0 637 241915.675
0 638 241744.925
0 639 241666.075
0 640 241836.325
0 641 243375.7
0 642 242332.9
0 643 243263.825
0 644 242226.3
0 645 244422.925
0 646 244668.675
0 647 245950.45
0 648 245974.75
0 649 246849.125
0 650 246453.775
0 651 246229.95
0 652 246107.0
0 653 245322.375
0 654 246690.575
0 655 246639.5
0 656 247439.625
0 657 247059.65
0 658 246520.55
0 659 246784.7
0 660 246645.7
0 661 246236.5
0 662 245759.75
0 663 246710.475
0 664 245653.85
0 665 244730.65
0 666 242496.85
0 667 240483.175
0 668 240376.2
0 669 238430.4
0 670 239507.8
0 671 240380.4
0 672 242274.8
0 673 241807.425
0 674 241598.45
0 675 242063.875
0 676 242060.2
0 677 239890.675
0 678 239478.975
0 679 238746.1
0 680 238281.575
0 681 239256.15
0 682 237929.325
0 683 238126.3
0 684 235675.85
0 685 234939.975
0 686 236139.6
0 687 235864.175
0 688 238002.275
0 689 238203.675
0 690 239499.75
0 691 239136.95
0 692 240803.825
0 693 241303.0
0 694 241381.375
0 695 242690.85
0 696 243611.1
0 697 245967.275
0 698 246199.525
0 699 245382.075
0 700 246516.475
0 701 246417.55
0 702 246167.425
0 703 246905.275
0 704 245233.05
0 705 244995.275
0 706 245337.75
0 707 245678.525
0 708 246208.9
0 709 244909.8
0 710 244424.525
0 711 243893.775
0 712 244036.175
0 713 244142.375
0 714 243911.0
0 715 242498.975
0 716 241387.55
0 717 240422.55
0 718 241597.775
0 719 240354.625
0 720 240411.4
0 721 239889.4
0 722 239809.25
0 723 239476.1
0 724 239350.875
0 725 238665.925
0 726 236251.875
0 727 235551.575
0 728 234561.125
0 729 235409.65
0 730 236862.35
0 731 237556.125
0 732 237120.85
0 733 238921.85
0 734 240276.6
0 735 240204.175
0 736 238831.65
0 737 238573.375
0 738 237588.825
0 739 236039.625
0 740 234678.575
0 741 232426.925
0 742 233485.7
0 743 234065.225
0 744 232480.175
0 745 230571.15
0 746 232274.6
0 747 233609.175
0 748 233920.225
0 749 233851.45
0 750 236155.05
0 751 237617.675
0 752 237984.1
0 753 241158.075
0 754 242256.55
0 755 241947.625
0 756 241275.4
0 757 241420.15
0 758 241634.725
0 759 240304.45
0 760 239620.65
0 761 240561.8
0 762 240217.45
0 763 240735.625
0 764 240204.95
0 765 239129.4
0 766 239130.675
0 767 235703.025
0 768 237110.175
0 769 236381.15
0 770 237314.925
0 771 237071.075
0 772 237371.5
0 773 237286.05
0 774 235501.275
0 775 235968.325
0 776 236626.325
0 777 238096.725
0 778 238624.45
0 779 235878.9
0 780 234530.025
0 781 234943.6
0 782 236369.325
0 783 235495.525
0 784 235848.15
0 785 236160.875
0 786 237038.375
0 787 238131.725
0 788 238484.975
0 789 239631.175
0 790 240545.1
0 791 241295.025
0 792 242250.6
0 793 244016.5
0 794 244613.2
0 795 246318.725
0 796 245856.1
0 797 244703.075
0 798 245369.025
0 799 244543.775
0 800 242743.35
0 801 242234.325
0 802 243340.55
0 803 242583.375
0 804 240864.075
0 805 239747.925
0 806 237919.325
0 807 236202.0
0 808 234823.7
0 809 234062.325
0 810 235209.85
0 811 235429.275
0 812 236661.65
0 813 237010.15
0 814 237532.75
0 815 237601.25
0 816 235062.75
0 817 236557.0
0 818 235576.225
0 819 235542.45
0 820 236893.75
0 821 236565.35
0 822 237502.95
0 823 239406.2
0 824 239389.275
0 825 240067.35
0 826 240317.975
0 827 243097.3
0 828 244087.625
0 829 244622.025
0 830 245503.475
0 831 246234.65
0 832 244498.025
0 833 243341.1
0 834 242935.75
0 835 243058.15
0 836 243356.325
0 837 241727.175
0 838 242065.95
0 839 242122.7
0 840 242225.275
0 841 242083.45
0 842 241637.425
0 843 242895.575
0 844 243523.425
0 845 245169.975
0 846 244236.275
0 847 244083.425
0 848 243747.1
0 849 244696.6
0 850 244384.45
0 851 245281.55
0 852 245367.925
0 853 244144.7
0 854 244501.35
0 855 243188.35
0 856 241538.025
0 857 241759.05
0 858 243217.725
0 859 240741.925
0 860 240819.725
0 861 241590.225
0 862 241283.125
0 863 240422.1
0 864 241374.8
0 865 241783.55
0 866 238981.35
0 867 239199.275
0 868 237957.875
0 869 236197.175
0 870 235843.525
0 871 237508.5
0 872 237474.075
0 873 238665.75
0 874 239657.8
0 875 237106.475
0 876 236198.825
0 877 237386.025
0 878 238724.125
0 879 237136.85
0 880 236768.8
0 881 234984.475
0 882 235903.925
0 883 238661.35
0 884 237463.7
0 885 237566.0
0 886 237812.275
0 887 238619.575
0 888 237605.725
0 889 237911.025
0 890 238480.15
0 891 238017.75
0 892 238908.85
0 893 239213.925
0 894 240038.55
0 895 239871.325
0 896 239672.025
0 897 239770.0
0 898 238648.25
0 899 239168.85
0 900 239833.35
0 901 241000.95
0 902 240475.225
0 903 241867.925
0 904 244425.85
0 905 244673.375
0 906 243787.65
0 907 242997.425
0 908 243230.45
0 909 242968.825
0 910 241739.1
0 911 241295.475
0 912 240766.3
0 913 240838.575
0 914 241901.175
0 915 240325.675
0 916 238677.65
0 917 238785.8
0 918 238030.875
0 919 237034.425
0 920 239125.5
0 921 240045.55
0 922 241302.75
0 923 242151.15
0 924 240771.7
0 925 239502.55
0 926 240865.35
0 927 241367.025
0 928 240388.3
0 929 238604.375
0 930 235834.225
0 931 235095.875
0 932 234365.675
0 933 235614.175
0 934 234977.675
0 935 234455.1
0 936 234647.7
0 937 235805.225
0 938 237546.025
0 939 237369.225
0 940 237850.5
0 941 238622.625
0 942 239147.375
0 943 241232.45
0 944 242777.675
0 945 243053.075
0 946 243252.475
0 947 241991.95
0 948 243192.1
0 949 242446.425
0 950 242860.05
0 951 244449.5
0 952 244974.95
0 953 244038.85
0 954 244034.35
0 955 244400.675
0 956 241949.3
0 957 240984.725
0 958 240527.25
0 959 238297.075
0 960 237668.675
0 961 239273.0
0 962 241417.1
0 963 241397.175
0 964 241869.35
0 965 239442.325
0 966 238198.675
0 967 238434.3
0 968 238253.175
0 969 238014.425
0 970 237895.475
0 971 238064.675
0 972 239331.175
0 973 240282.4
0 974 239402.275
0 975 238135.65
0 976 238634.375
0 977 238332.125
0 978 237676.15
0 979 239698.25
0 980 242087.075
0 981 241433.175
0 982 240439.525
0 983 241898.65
0 984 242443.775
0 985 240791.9
0 986 240139.875
0 987 238182.525
0 988 234724.275
0 989 234436.95
0 990 232870.725
0 991 232070.15
0 992 232596.8
0 993 231853.75
0 994 232936.725
0 995 233894.575
0 996 234830.55
0 997 236398.775
0 998 236970.675
0 999 235632.6
0 1000 236092.475
0 1001 234467.05
0 1002 233901.575
0 1003 231856.975
0 1004 232595.975
0 1005 233278.9
0 1006 232968.675
0 1007 236005.075
0 1008 235790.2
0 1009 234462.925
0 1010 233384.95
0 1011 235387.55
0 1012 238795.775
0 1013 240538.425
0 1014 239000.3
0 1015 239016.25
0 1016 238387.525
0 1017 239480.625
0 1018 239130.15
0 1019 240409.125
0 1020 240189.25
0 1021 240043.925
0 1022 242042.925
0 1023 241857.9
0 1024 242782.75
0 1025 243300.225
0 1026 243120.9
0 1027 243233.65
0 1028 242411.725
0 1029 239628.5
0 1030 240453.7
0 1031 241347.9
0 1032 239682.275
0 1033 240760.725
0 1034 240293.05
0 1035 239877.225
0 1036 238158.25
0 1037 238180.5
0 1038 237417.6
0 1039 236974.1
0 1040 234421.925
0 1041 235015.45
0 1042 234299.4
0 1043 231920.2
0 1044 232481.45
0 1045 233457.475
0 1046 233210.625
0 1047 233751.6
0 1048 235268.875
0 1049 237254.85
0 1050 238472.8
0 1051 236736.15
0 1052 236902.725
0 1053 238065.2
0 1054 238996.6
0 1055 238781.025
0 1056 240751.075
0 1057 242085.2
0 1058 241393.2
0 1059 241902.925
0 1060 242196.05
0 1061 242904.275
0 1062 242710.175
0 1063 241445.45
0 1064 238894.825
0 1065 239598.075
0 1066 239802.775
0 1067 238176.575
0 1068 238600.975
0 1069 240302.575
0 1070 239804.925
0 1071 239310.025
0 1072 239992.05
0 1073 240709.525
0 1074 241478.525
0 1075 241300.125
0 1076 240916.65
0 1077 238493.5
0 1078 239708.15
0 1079 242355.225
0 1080 242158.175
0 1081 242120.175
0 1082 239859.175
0 1083 240480.925
0 1084 238775.85
0 1085 239235.125
0 1086 239182.25
0 1087 238985.2
0 1088 238973.825
0 1089 239785.3
0 1090 238578.95
0 1091 238156.65
0 1092 238940.2
0 1093 240772.5
0 1094 240659.975
0 1095 240155.075
0 1096 240604.575
0 1097 241699.2
0 1098 241801.45
0 1099 240271.175
0 1100 241863.775
0 1101 242696.225
0 1102 242607.25
0 1103 241723.25
0 1104 240331.425
0 1105 239620.475
0 1106 239238.025
0 1107 238851.65
0 1108 238547.525
0 1109 239007.65
0 1110 238353.35
0 1111 236646.725
0 1112 237278.725
0 1113 238759.8
0 1114 237958.65
0 1115 240484.7
0 1116 240199.975
0 1117 239220.75
0 1118 239054.0
0 1119 236619.8
0 1120 236174.45
0 1121 237864.325
0 1122 238107.625
0 1123 238718.675
0 1124 238039.525
0 1125 236672.425
0 1126 235828.8
0 1127 234831.25
0 1128 235565.275
0 1129 234724.85
0 1130 236766.85
0 1131 237665.4
0 1132 237559.425
0 1133 237236.425
0 1134 237031.35
0 1135 238644.575
0 1136 239470.625
0 1137 238514.475
0 1138 237574.05
0 1139 239662.825
0 1140 240671.8
0 1141 242250.75
0 1142 241762.125
0 1143 241369.025
0 1144 240731.4
0 1145 240983.675
0 1146 243759.15
0 1147 242429.45
0 1148 244057.95
0 1149 243739.875
0 1150 244265.425
0 1151 244983.95
0 1152 243223.8
0 1153 241346.125
0 1154 240023.15
0 1155 240032.775
0 1156 238038.225
0 1157 238267.175
0 1158 238271.45
0 1159 236183.5
0 1160 234595.325
0 1161 233468.875
0 1162 233991.35
0 1163 234428.6
0 1164 236288.6
0 1165 235918.425
0 1166 235956.175
0 1167 235546.85
0 1168 235775.175
0 1169 235731.875
0 1170 236046.4
0 1171 236682.55
0 1172 237738.725
0 1173 236516.625
0 1174 236769.175
0 1175 238100.075
0 1176 237580.175
0 1177 236633.15
0 1178 236882.775
0 1179 237420.2
0 1180 237549.075
0 1181 235150.3
0 1182 236977.975
0 1183 235539.475
0 1184 237080.15
0 1185 237013.825
0 1186 236193.55
0 1187 238057.925
0 1188 239240.0
0 1189 239532.175
0 1190 239387.4
0 1191 239415.025
0 1192 239842.55
0 1193 238895.4
0 1194 239798.9
0 1195 239842.575
0 1196 238731.325
0 1197 240571.65
0 1198 242087.6
0 1199 242623.475
0 1200 243817.45
0 1201 242937.2
0 1202 242971.25
0 1203 243413.225
0 1204 243096.75
0 1205 243147.675
0 1206 243674.425
0 1207 242709.95
0 1208 240776.975
0 1209 242241.625
0 1210 242906.325
0 1211 242125.95
0 1212 241800.375
0 1213 240315.65
0 1214 240945.925
0 1215 241618.675
0 1216 240963.225
0 1217 242647.3
0 1218 243365.725
0 1219 243441.05
0 1220 243399.775
0 1221 242830.025
0 1222 243320.925
0 1223 244934.8
0 1224 245624.1
0 1225 246166.875
0 1226 246613.9
0 1227 245254.625
0 1228 246047.125
0 1229 247385.375
0 1230 247041.75
0 1231 246254.0
0 1232 243913.875
0 1233 242978.525
0 1234 241735.625
0 1235 242109.45
0 1236 241527.075
0 1237 241307.8
0 1238 241962.975
0 1239 241017.275
0 1240 240982.075
0 1241 242381.45
0 1242 243234.8
0 1243 243618.7
0 1244 243414.25
0 1245 244665.775
0 1246 244516.75
0 1247 245307.725
0 1248 245547.275
0 1249 244658.225
0 1250 244678.125
0 1251 244145.95
0 1252 243118.825
0 1253 243707.125
0 1254 243921.95
0 1255 242602.725
0 1256 241612.4
0 1257 239306.075
0 1258 238658.1
0 1259 237311.375
0 1260 238044.725
0 1261 238415.55
0 1262 237093.15
0 1263 236141.025
0 1264 237054.4
0 1265 235554.025
0 1266 233558.225
0 1267 228999.525
0 1268 228941.475
0 1269 232090.35
0 1270 232926.275
0 1271 234012.225
0 1272 235042.5
0 1273 234997.825
0 1274 234920.5
0 1275 235480.225
0 1276 234781.925
0 1277 235157.275
0 1278 235030.0
0 1279 234108.15
0 1280 232894.55
0 1281 233626.65
0 1282 235637.975
0 1283 236228.275
0 1284 236078.675
0 1285 234923.175
0 1286 233648.65
0 1287 233350.85
0 1288 233252.875
0 1289 233279.65
0 1290 232433.85
0 1291 229747.25
0 1292 230233.5
0 1293 230886.3
0 1294 230974.25
0 1295 233517.525
0 1296 234707.05
0 1297 234703.325
0 1298 234735.1
0 1299 233832.6
0 1300 231917.325
0 1301 233052.2
0 1302 233533.35
0 1303 233830.525
0 1304 232479.875
0 1305 231385.95
0 1306 229483.7
0 1307 229950.55
0 1308 229802.525
0 1309 232807.95
0 1310 234072.575
0 1311 232519.8
0 1312 232841.175
0 1313 231653.325
0 1314 233499.85
0 1315 233576.875
0 1316 232031.725
0 1317 230681.95
0 1318 232723.0
0 1319 233038.55
0 1320 233441.75
0 1321 233965.5
0 1322 234539.95
0 1323 235433.775
0 1324 235985.75
0 1325 238428.325
0 1326 239856.2
0 1327 239931.575
0 1328 240864.3
0 1329 241439.325
0 1330 241856.175
0 1331 242383.05
0 1332 242474.9
0 1333 244056.0
0 1334 245835.9
0 1335 248345.575
0 1336 247523.2
0 1337 248914.375
0 1338 248555.575
0 1339 247968.125
0 1340 245134.3
0 1341 244815.3
0 1342 244758.975
0 1343 244601.575
0 1344 245160.975
0 1345 243608.425
0 1346 243188.5
0 1347 242121.325
0 1348 241793.5
0 1349 240776.725
0 1350 240176.75
0 1351 241227.6
0 1352 243041.7
0 1353 243210.6
0 1354 243771.7
0 1355 245075.225
0 1356 244444.95
0 1357 244113.5
0 1358 242717.8
0 1359 239857.425
0 1360 239035.2
0 1361 239754.85
0 1362 239187.55
0 1363 241913.1
0 1364 242363.9
0 1365 242252.675
0 1366 242589.475
0 1367 242760.9
0 1368 242293.125
0 1369 241942.725
0 1370 239297.35
0 1371 238517.175
0 1372 237598.175
0 1373 236388.675
0 1374 236217.525
0 1375 237395.8
0 1376 238868.95
0 1377 236908.525
0 1378 235899.65
0 1379 235964.4
0 1380 236950.0
0 1381 236952.325
0 1382 235863.05
0 1383 233537.675
0 1384 233849.325
0 1385 235056.8
0 1386 234424.375
0 1387 233757.4
0 1388 234301.4
0 1389 235365.2
0 1390 235642.975
0 1391 235008.725
0 1392 235005.875
0 1393 234375.95
0 1394 234808.2
0 1395 235083.675
0 1396 236650.525
0 1397 239411.675
0 1398 238843.7
0 1399 238987.275
0 1400 237306.05
0 1401 238118.1
0 1402 240663.3
0 1403 239399.6
0 1404 238611.875
0 1405 239822.225
0 1406 239485.875
0 1407 239264.8
0 1408 241527.575
0 1409 242743.125
0 1410 243181.725
0 1411 242708.125
0 1412 243955.375
0 1413 242543.175
0 1414 242904.325
0 1415 241961.725
0 1416 242729.4
0 1417 242359.025
0 1418 245372.95
0 1419 245710.45
0 1420 246958.225
0 1421 247310.525
0 1422 248710.725
0 1423 248864.4
0 1424 249159.625
0 1425 249692.925
0 1426 250721.625
0 1427 250128.95
0 1428 250507.625
0 1429 249763.175
0 1430 248189.575
0 1431 247390.55
0 1432 246013.85
0 1433 246201.15
0 1434 246840.475
0 1435 246350.05
0 1436 246331.575
0 1437 246740.05
0 1438 246296.325
0 1439 247049.65
0 1440 246706.825
0 1441 246088.3
0 1442 246247.025
0 1443 244561.05
0 1444 244883.65
0 1445 245257.65
0 1446 246723.8
0 1447 246227.825
0 1448 246572.725
0 1449 246747.7
0 1450 246923.95
0 1451 247209.4
0 1452 245824.125
0 1453 244472.125
0 1454 241909.125
0 1455 242235.25
0 1456 243475.425
0 1457 242079.725
0 1458 239935.4
0 1459 242890.675
0 1460 244040.075
0 1461 243702.3
0 1462 243329.775
0 1463 243518.425
0 1464 244138.1
0 1465 243040.5
0 1466 242174.525
0 1467 244447.625
0 1468 246199.3
0 1469 244506.45
0 1470 246498.475
0 1471 246806.2
0 1472 247087.8
0 1473 244387.8
0 1474 244853.475
0 1475 245354.45
0 1476 244219.625
0 1477 242920.9
0 1478 240428.8
0 1479 239405.575
0 1480 237405.4
0 1481 236144.5
0 1482 233889.6
0 1483 232162.375
0 1484 231584.325
0 1485 231979.75
0 1486 231663.25
0 1487 233188.725
0 1488 233726.825
0 1489 234337.275
0 1490 233705.85
0 1491 234342.575
0 1492 236002.55
0 1493 236815.75
0 1494 236904.2
0 1495 236349.4
0 1496 237248.05
0 1497 236724.6
0 1498 239350.225
0 1499 239948.175
0 1500 240728.925
0 1501 240264.6
0 1502 240502.85
0 1503 240273.075
0 1504 239833.525
0 1505 242643.85
0 1506 242724.475
0 1507 242931.8
0 1508 241853.675
0 1509 242968.475
0 1510 244677.6
0 1511 245341.3
0 1512 244546.625
0 1513 244281.9
0 1514 244440.3
0 1515 246059.875
0 1516 246300.825
0 1517 244601.975
0 1518 247069.45
0 1519 247573.075
0 1520 247948.525
0 1521 248978.025
0 1522 248555.375
0 1523 249093.875
0 1524 248232.45
0 1525 245788.05
0 1526 244351.225
0 1527 245542.375
0 1528 246015.3
0 1529 244239.725
0 1530 243425.3
0 1531 242926.725
0 1532 242758.425
0 1533 242597.075
0 1534 241006.8
0 1535 241064.5
1 0 261943.575
1 1 261315.325
1 2 260836.225
1 3 260368.925
1 4 259659.225
1 5 259487.1
1 6 258443.7
1 7 257967.9
1 8 257336.175
1 9 257927.775
1 10 258029.425
1 11 257745.275
1 12 257392.1
1 13 256819.4
1 14 255613.8
1 15 253892.875
1 16 253298.4
1 17 253588.775
1 18 252736.9
1 19 252670.325
1 20 252007.825
1 21 251562.375
1 22 250718.025
1 23 250789.775
1 24 251099.5
1 25 250962.475
1 26 249699.425
1 27 247758.35
1 28 246397.15
1 29 245225.5
1 30 245289.05
1 31 245013.175
1 32 245866.55
1 33 245380.125
1 34 243554.45
1 35 242317.325
1 36 242209.9
1 37 244409.375
1 38 244955.475
1 39 244313.95
1 40 244821.375
1 41 244843.5
1 42 244297.7
1 43 243664.175
1 44 243575.65
1 45 244740.4
1 46 245296.925
1 47 244538.625
1 48 245590.575
1 49 244799.375
1 50 245859.025
1 51 245439.525
1 52 244815.075
1 53 243470.8
1 54 243358.325
1 55 243693.35
1 56 242748.475
1 57 243306.15
1 58 241424.575
1 59 240880.05
1 60 240707.0
1 61 242728.275
1 62 241570.125
1 63 241894.425
1 64 240898.375
1 65 237643.925
1 66 237257.75
1 67 237204.3
1 68 236256.975
1 69 236713.35
1 70 235869.675
1 71 236271.125
1 72 234897.525
1 73 234274.475
1 74 235340.25
1 75 236198.075
1 76 235532.625
1 77 236822.35
1 78 237072.775
1 79 237313.175
1 80 236523.175
1 81 234442.075
1 82 233809.775
1 83 233376.2
1 84 232487.8
1 85 233096.475
1 86 233547.775
1 87 233368.3
1 88 231484.925
1 89 231670.2
1 90 232538.45
1 91 231525.425
1 92 232930.65
1 93 234183.05
1 94 235825.45
1 95 237565.05
1 96 240238.4
1 97 241199.225
1 98 240474.5
1 99 240212.4
1 100 241763.25
1 101 242224.475
1 102 241986.875
1 103 243583.475
1 104 244974.775
1 105 244752.6
1 106 244207.575
1 107 242664.05
1 108 243344.375
1 109 242569.75
1 110 243243.25
1 111 243241.325
1 112 243593.625
1 113 243278.65
1 114 244493.975
1 115 245285.45
1 116 245306.8
1 117 244711.35
1 118 244720.5
1 119 246621.475
1 120 246937.275
1 121 245422.4
1 122 243438.6
1 123 243842.7
1 124 242457.85
1 125 241411.0
1 126 240460.05
1 127 241144.425
1 128 241836.6
1 129 241589.925
1 130 242441.425
1 131 242853.725
1 132 243630.025
1 133 243263.825
1 134 243400.8
1 135 242967.725
1 136 241376.15
1 137 241169.175
1 138 241104.725
1 139 240654.05
1 140 241044.675
1 141 239153.225
1 142 238819.85
1 143 238481.75
1 144 235356.425
1 145 234675.5
1 146 238321.75
1 147 238419.075
1 148 237120.875
1 149 239368.25
1 150 238783.225
1 151 238899.7
1 152 237239.375
1 153 237657.9
1 154 238913.525
1 155 238890.55
1 156 237903.65
1 157 236264.3
1 158 234149.3
1 159 233479.025
1 160 234371.35
1 161 234986.925
1 162 236192.425
1 163 235365.7
1 164 234620.275
1 165 234662.45
1 166 235688.05
1 167 236500.325
1 168 237262.675
1 169 238819.575
1 170 238327.95
1 171 237871.3
1 172 238423.3
1 173 238249.075
1 174 239981.75
1 175 241402.8
1 176 240793.375
1 177 239660.175
1 178 237987.45
1 179 237764.475
1 180 240075.875
1 181 238243.925
1 182 239546.7
1 183 237326.925
1 184 239046.375
1 185 238663.9
1 186 238177.6
1 187 238577.15
1 188 238967.7
1 189 239269.75
1 190 239968.875
1 191 239199.275
1 192 239687.625
1 193 239307.8
1 194 240279.45
1 195 242321.1
1 196 242520.875
1 197 242320.2
1 198 242854.05
1 199 243571.875
1 200 243384.225
1 201 243723.05
1 202 243489.6
1 203 242004.875
1 204 239343.925
1 205 239557.15
1 206 237237.675
1 207 238138.875
1 208 240257.775
1 209 241631.525
1 210 241478.65
1 211 242167.475
1 212 242103.45
1 213 243444.575
1 214 244158.175
1 215 245018.9
1 216 245205.425
1 217 245487.9
1 218 246115.35
1 219 246674.325
1 220 246275.175
1 221 245859.175
1 222 244290.5
1 223 244147.775
1 224 243181.425
1 225 242159.0
1 226 241297.325
1 227 241836.675
1 228 243011.075
1 229 242044.6
1 230 242272.25
1 231 241714.95
1 232 243230.95
1 233 243288.675
1 234 241833.275
1 235 242055.45
1 236 242039.875
1 237 240591.675
1 238 240013.9
1 239 240645.2
1 240 239577.55
1 241 238438.825
1 242 239008.625
1 243 238977.125
1 244 238244.375
1 245 239822.425
1 246 240163.375
1 247 241001.325
1 248 241664.3
1 249 242860.275
1 250 241181.25
1 251 241088.15
1 252 243930.975
1 253 244882.7
1 254 245472.175
1 255 245340.85
1 256 247031.55
1 257 247835.35
1 258 247328.2
1 259 247090.4
1 260 248188.95
1 261 247975.725
1 262 247155.45
1 263 245626.0
1 264 245499.875
1 265 245761.2
1 266 246391.125
1 267 247653.3
1 268 247097.8
1 269 246634.65
1 270 246988.65
1 271 246729.675
1 272 246207.975
1 273 245234.1
1 274 242805.725
1 275 241943.225
1 276 240822.675
1 277 240485.6
1 278 239697.8
1 279 238089.5
1 280 236826.95
1 281 236483.675
1 282 234731.35
1 283 235780.625
1 284 236439.875
1 285 237624.375
1 286 238961.075
1 287 240546.725
1 288 239059.05
1 289 239099.7
1 290 238780.025
1 291 238371.75
1 292 240428.775
1 293 240765.975
1 294 241544.875
1 295 242204.15
1 296 242058.475
1 297 244457.975
1 298 245504.025
1 299 245740.825
1 300 245135.275
1 301 243405.5
1 302 243060.9
1 303 242410.1
1 304 242835.3
1 305 242603.175
1 306 241653.4
1 307 241163.1
1 308 241184.05
1 309 240531.625
1 310 241990.125
1 311 241859.725
1 312 243294.55
1 313 243824.675
1 314 245416.5
1 315 246061.575
1 316 247026.275
1 317 245898.7
1 318 245117.225
1 319 244940.5
1 320 244791.45
1 321 244443.725
1 322 242198.725
1 323 244684.25
1 324 244362.0
1 325 245379.75
1 326 245709.65
1 327 245373.95
1 328 246479.675
1 329 247325.175
1 330 246773.975
