0 10 3787722.21999
0 20 3981260.35997
0 30 3658100.51995
0 40 3767646.49992
0 50 3502423.4399
0 60 3640336.81985
0 70 3344982.51986
0 80 3505565.57981
0 90 3229522.51983
0 100 3396625.47979
0 110 3153042.69981
0 115 3331024.77977
1 10 3789942.77999
1 20 3988991.87997
1 30 3663530.33995
1 40 3826925.31991
1 50 3516501.3199
1 60 3665877.15986
1 70 3363077.61986
1 73 3330537.65985
2 10 3789205.93999
2 20 3984449.93997
2 30 3629978.47995
2 40 3813962.55992
2 50 3501305.2799
2 60 3647220.87987
2 70 3345851.05986
2 75 3522101.67982
3 10 3790352.89999
3 20 3989211.79997
3 30 3680265.23995
3 40 3762012.15992
3 50 3520452.0599
3 60 3669516.75986
3 70 3370423.83986
3 80 3536541.35982
3 90 3255825.65983
3 100 3276984.33981
3 110 3180915.63981
3 120 3353007.79976
3 130 3118853.75979
3 140 3276267.65975
3 146 3156475.87977
4 10 3720956.65999
4 20 3984967.15997
4 30 3671535.31995
4 40 3833622.63992
4 50 3521745.95991
4 60 3676023.81987
4 64 3746210.95984
5 10 3791162.87999
5 20 3864712.87997
5 30 3656918.83995
5 40 3809989.65991
5 50 3493121.6399
5 60 3648259.43986
5 70 3360893.87986
5 80 3515011.61982
5 86 3333659.41982
6 10 3789041.73999
6 20 3985635.97997
6 30 3659946.25995
6 40 3811961.79992
6 50 3503069.9799
6 60 3655949.65986
6 70 3366941.29987
6 80 3525093.33982
6 90 3233978.35983
6 100 3347590.1398
6 110 3131959.57982
6 116 3421073.81975
7 10 3675290.96
7 20 3898412.37997
7 30 3664392.81995
7 40 3828846.17992
7 50 3505037.3799
7 60 3623003.61986
7 70 3363625.23986
7 80 3442104.65982
7 90 3207139.21983
7 100 3373171.95979
7 110 3110969.07982
7 120 3304884.37978
7 130 3067492.1198
7 140 3156509.65977
7 150 3006664.6398
7 160 3071171.31978
7 170 2948897.2998
7 180 3072935.27977
7 187 3073888.57976
8 10 3786382.63999
8 20 3981355.51997
8 30 3656991.07995
8 40 3822531.23992
8 50 3513228.0399
8 60 3646165.25986
9 10 3788050.77999
9 20 3981835.09997
9 30 3664373.57995
9 40 3825573.91992
9 50 3512013.4199
9 60 3667562.89986
9 70 3367788.99986
9 80 3516917.39982
9 90 3226942.45983
9 100 3396470.23979
9 110 3142896.11981
9 120 3312598.55977
9 130 3068647.1398
9 140 3239876.43976
9 150 3006898.9798
9 160 3038783.79978
9 170 2871313.25982
9 180 3031327.81977
9 190 2831203.07982
9 200 3023011.93977
9 210 2807945.67981
9 220 2963819.13976
9 230 3064335.17974
9 240 2965669.67976
9 250 3040367.93974
9 260 2957248.71976
9 270 3046890.43973
9 280 2941445.91976
9 290 3020319.13974
9 300 2907335.91977
9 310 3004104.99974
9 320 2912008.93977
9 330 3012745.21974
9 340 2909736.39977
9 350 2991852.73974
9 360 2897440.45977
9 370 2987363.79974
9 380 2883357.83977
9 390 2967404.47975
9 400 2863620.85978
9 410 2941113.25975
9 420 2850542.99978
9 429 3047116.33972
10 10 3744104.55999
10 20 3907847.63997
10 30 3549577.87995
10 40 3816440.53991
10 50 3492064.6199
10 60 3638959.41986
10 70 3333043.89986
10 80 3492915.19982
10 90 3203824.99983
10 100 3359398.73979
10 110 3122329.41981
10 120 3317372.71977
10 130 3070800.2998
10 140 3246632.75976
10 150 3010996.5598
10 151 3204867.93976
11 10 3786787.55999
11 20 3866271.19997
11 30 3651832.15995
11 40 3812402.73991
11 43 3773914.2599
12 10 3789372.73999
12 20 3752863.77998
12 30 3652081.91995
12 40 3693322.39992
12 50 3476474.0599
12 60 3509714.95987
12 70 3308768.67986
12 80 3466058.85981
12 90 3185569.59983
12 100 3357566.27979
12 110 3108939.03981
12 120 3272100.31977
12 130 3023395.73981
12 140 3206529.45976
12 150 2989610.2998
12 160 3176544.87976
12 170 2956688.0198
12 180 3037676.51978
12 190 2934481.41979
12 200 2983208.55977
12 210 2869477.4798
12 220 2953143.73977
12 230 3038550.89975
12 240 2935833.87977
12 250 3043671.61974
12 260 2833028.3198
12 270 3031715.29974
12 280 2920074.85977
12 290 2997279.59974
12 300 2886079.83978
12 310 2983171.11976
12 320 2884658.69978
12 330 2980611.33976
12 340 2876681.37978
12 350 2960248.69975
12 360 2867043.25978
12 366 3058903.19973
13 10 3787863.71999
13 20 3955997.19997
13 30 3602101.45995
13 36 3977474.47991
14 10 3791628.23999
14 20 3771806.07998
14 30 3671733.07995
14 40 3836333.55991
14 50 3509535.6999
14 60 3642529.97986
14 70 3345714.31986
14 80 3505178.77981
14 90 3228151.93983
14 100 3395728.15979
14 110 3151871.55981
14 120 3326331.07977
14 130 3078627.4598
14 140 3251248.89975
14 150 3019454.8598
14 160 3191158.83975
14 170 2954524.33979
14 180 3133644.09975
14 190 2915668.65979
14 200 3103585.79974
14 210 2891533.83979
14 220 2990722.89976
14 230 2873623.45979
14 240 2947826.03977
14 250 2950313.87976
14 260 2964532.83976
14 270 3049686.23973
14 280 2937320.41976
14 290 3009511.77974
14 300 2930896.19976
14 310 3008249.85974
14 314 3103297.15971
15 2 3933703.1
16 10 3790034.33999
16 20 3990655.49997
16 30 3665668.77995
16 40 3826176.35991
16 50 3507138.7599
16 60 3658229.53986
16 70 3359281.27986
16 80 3499558.81981
16 90 3208990.91983
16 100 3362594.45979
16 110 3119092.31982
16 120 3301685.55977
16 130 3056761.8398
16 140 3206661.95976
16 150 3183936.57976
16 160 3155368.29976
16 170 3133031.75976
16 180 3119514.35975
16 190 3100380.13975
16 196 3184316.75972
17 10 3790112.27999
17 20 3988252.85997
17 30 3658669.95995
17 40 3821279.79992
17 50 3501667.3799
17 60 3651933.85986
17 70 3354602.21986
17 80 3511507.21981
17 90 3241244.71983
17 100 3393322.65979
17 110 3142272.37982
17 120 3317563.03977
17 130 3071365.8398
17 140 3236088.49975
17 150 2997997.77979
17 160 3171141.03975
17 162 3064727.25977
18 10 3671745.67999
18 20 3873233.51997
18 30 3663386.91995
18 40 3825024.11991
18 50 3495873.8399
18 60 3656213.19986
18 70 3340590.73986
18 80 3496319.53981
18 90 3213434.93983
18 100 3370572.21979
18 110 3105868.39981
18 120 3119823.2398
18 130 3038226.81981
18 140 3210078.25976
18 150 2975382.5198
18 160 3154575.27975
18 170 2935021.9198
18 180 3094619.01976
18 190 2889342.8398
18 200 3069710.39975
18 210 2869842.59979
18 220 3058203.91975
18 230 2827458.2598
18 240 2999865.79975
18 250 2801690.03981
18 253 3073628.05973
19 10 3789913.55999
19 20 3986789.17997
19 30 3663877.73995
19 40 3816172.99992
19 50 3502418.3999
19 60 3658154.87986
19 70 3348061.61986
19 80 3509780.59981
19 90 3237566.63983
19 100 3403921.35979
19 110 3143785.69981
19 120 3308184.07977
19 130 3068825.1198
19 131 3264294.37976
20 10 3789077.07999
20 11 4032580.17999
21 10 3792444.67999
21 20 3994063.49997
21 30 3672525.47995
21 40 3840968.55992
21 50 3523648.9399
21 60 3682428.35986
21 70 3379122.61986
21 80 3537636.53982
21 90 3248939.03983
21 100 3418075.73979
22 10 3789115.75999
22 20 3981281.35997
22 30 3663685.67995
22 40 3818509.31992
22 50 3496539.4199
22 60 3645476.65986
22 70 3336677.35986
22 80 3493015.59982
22 90 3225001.53983
22 100 3383577.17979
22 110 3141730.55982
22 120 3312737.71977
22 130 3074958.3598
22 140 3247480.63976
22 150 3028526.6398
22 160 3221806.39975
22 170 2990893.79979
22 180 3157722.05975
22 190 2947599.53979
22 200 3133943.89975
22 210 2936557.21979
22 212 3221310.13972
23 10 3791094.25999
23 20 3916960.47997
23 30 3667044.71995
23 40 3823706.13992
23 50 3505037.8999
23 60 3636823.05986
23 70 3349048.57986
23 80 3509429.17982
23 90 3222275.35983
23 100 3390715.19979
23 105 3263026.57981
24 10 3788296.65999
24 20 3984498.65997
24 25 3687480.13996
25 10 3787312.91999
25 20 3984372.45997
25 30 3668786.19995
25 40 3821352.29992
25 50 3495109.3399
25 60 3660948.85986
25 70 3371234.33986
25 80 3531256.41982
25 90 3243476.21983
25 100 3407883.81979
25 110 3157452.33981
25 120 3331117.99977
25 130 3091713.9198
25 140 3248968.17976
25 150 3005399.1398
25 160 3190622.41976
25 170 2976263.6798
25 180 3143584.37975
25 190 2922225.87979
25 200 3077164.69975
25 210 2879675.83979
25 220 3054039.85974
25 230 2847654.59979
25 236 3120699.15972
26 10 3788827.63999
26 20 3986544.19997
26 30 3659840.89995
26 40 3824744.11991
26 50 3501557.4599
26 60 3654918.07986
26 70 3361749.99986
26 80 3532952.77982
26 90 3238965.41983
26 100 3395499.33979
26 110 3127825.31982
26 120 3303148.93977
26 129 3354988.25975
27 10 3789950.01999
27 20 3865685.99997
27 30 3646593.45995
27 32 3987554.65993
28 10 3673564.37999
28 20 3983838.01997
28 30 3664508.73995
28 40 3817680.37991
28 50 3496932.7799
28 60 3564056.03986
28 70 3332975.51986
28 80 3485616.95982
28 90 3197379.89983
28 97 3468126.83977
29 10 3787676.19999
29 20 3906033.31997
29 30 3666880.55995
29 40 3818756.65992
29 50 3497400.6999
29 60 3637047.23986
29 70 3334608.31986
29 80 3494499.35982
29 90 3218002.41984
29 100 3379230.51979
29 110 3128194.79981
29 120 3282020.45978
29 130 3055760.2398
29 140 3250357.43975
29 150 3024591.07979
29 160 3215580.09975
29 170 2996795.43979
29 180 3165875.37974
29 190 2955658.93978
29 200 3027470.21976
29 210 2932582.31978
29 220 3009844.89976
29 230 2888910.25978
29 240 2965020.35976
29 250 2968199.27976
29 260 2975937.17976
29 270 3071287.23973
29 280 2978934.11976
29 287 3061038.73973
30 10 3717398.67999
30 20 3988570.53997
30 30 3609819.91995
30 40 3711973.31992
30 50 3404972.51991
30 60 3466509.81988
30 70 3337842.79986
30 80 3386325.87983
30 90 3207825.61983
30 100 3368904.7798
30 105 3126567.95982
31 10 3787628.93999
31 20 3983757.67997
31 30 3662655.13995
31 40 3819347.49992
31 50 3492523.4399
31 60 3629160.25986
31 70 3310786.45987
31 80 3459990.33982
31 90 3195819.25984
31 100 3360531.1598
31 108 3419634.55978
32 10 3791791.87999
32 20 3991255.11997
32 30 3634218.75995
32 40 3813304.65992
32 50 3509845.8599
32 60 3650016.29986
32 70 3352018.47986
32 80 3502772.87981
32 90 3221047.35982
32 100 3345910.11979
32 110 3151546.97981
32 120 3318261.13977
32 130 3078628.4798
32 140 3240771.71975
32 150 3022986.41979
32 160 3209864.19974
32 170 2983966.43978
32 180 3153325.73974
32 190 2941308.69978
32 200 3112653.67974
32 210 2993778.01976
32 220 3075502.41974
32 230 3049585.01974
32 240 3031101.33974
32 250 3040251.93974
32 260 3064418.05973
32 270 3049108.33973
32 280 3039089.95974
32 290 3035771.07973
32 300 3046491.89974
32 310 3024343.75974
32 320 3021651.07974
32 321 3106828.33971
33 10 3789641.91999
33 20 3924357.01997
33 30 3662832.69995
33 40 3728735.43992
33 50 3484297.6799
33 60 3635275.39986
33 70 3342370.57986
33 80 3481908.09982
33 90 3217703.21984
33 100 3396045.1398
33 110 3144205.13982
33 120 3194428.3998
33 130 3070504.33981
33 140 3235697.37977
33 144 3307376.19975
34 10 3793160.13999
34 19 3995814.65997
35 10 3787936.93999
35 20 3985343.11997
35 30 3659114.63995
35 40 3809085.87991
35 50 3497572.6799
35 60 3592027.87986
35 70 3329718.53986
35 80 3486942.61982
35 90 3212290.79983
35 100 3378922.67979
35 110 3106012.79982
35 120 3270334.47977
35 130 3020083.27981
35 140 3198221.13976
35 150 2974055.9598
35 158 3021631.33979
36 10 3791025.51999
36 20 3974266.99997
36 30 3663390.63995
36 40 3833498.31992
36 50 3509264.45991
36 60 3662294.07986
36 70 3366088.23986
36 80 3511495.05982
36 85 3589700.77979
37 10 3789485.51999
37 20 3868051.87997
37 30 3653733.91995
37 40 3693449.91993
37 50 3488131.6799
37 60 3646159.91986
37 70 3333674.45986
37 80 3487197.75982
37 90 3205114.27983
37 100 3355213.47979
37 110 3113606.35981
37 120 3304493.11977
37 130 3080036.2998
37 140 3236655.15975
37 150 3012286.0798
37 160 3166327.47976
37 170 2972198.0998
37 180 3144481.77975
37 183 3129236.09976
38 10 3789697.83999
38 20 3987335.81997
38 30 3659571.99995
38 40 3791598.55992
38 50 3478262.2599
38 60 3629860.39986
38 70 3340858.35986
38 80 3406391.33983
38 89 3520965.39979
39 10 3788214.59999
39 20 3985112.17997
39 30 3670229.61995
39 40 3658134.55992
39 50 3495244.7599
39 60 3652762.29986
39 70 3357329.69986
39 80 3477759.67982
39 90 3222001.49983
39 100 3255486.27981
39 110 3137087.81981
39 120 3228846.75978
39 130 3079088.6798
39 140 3251635.71976
39 150 3022765.71979
39 160 3190351.17975
39 170 2954742.93979
39 180 3129544.79975
39 190 2909297.13979
39 200 2989183.63977
39 210 2870760.09979
39 220 2940718.99977
39 230 3014050.31974
39 240 2914571.15977
39 250 2990634.53974
39 260 2912324.39976
39 270 2994993.87974
39 280 2879737.75978
39 290 2986516.31974
39 300 2880313.71978
39 310 2969924.05975
39 320 2853748.13978
39 330 2930801.23976
39 340 2845542.33978
39 350 2952986.31975
39 360 2847049.09978
39 370 2955902.99975
39 380 2884379.47977
39 390 2978129.27974
39 400 2783709.4198
39 410 3001157.87974
39 420 2798763.71979
39 430 2973273.59974
39 440 2785627.01979
39 450 2958891.27975
39 460 2773022.0798
39 470 2958953.37975
39 480 2763227.43981
39 490 2930839.33976
39 500 2749893.97981
39 510 2936319.93976
39 520 2755216.35981
39 530 2959069.65975
39 540 2773463.2598
39 550 2970079.95975
39 560 2773730.6598
39 570 2973729.63975
39 580 2783101.1598
39 590 2973511.73975
39 600 2767407.05981
39 610 2960153.29975
39 620 2859352.03978
39 630 2951638.99975
39 640 2855640.09978
39 650 2968810.93975
39 660 2958459.67975
39 670 2956538.07975
39 680 2954004.17975
39 690 2957248.89975
39 700 2971812.07974
39 710 2973144.11974
39 714 3066156.69972
40 10 3790960.81999
40 20 3870811.11997
40 30 3661311.01995
40 40 3814861.11992
40 50 3501575.1199
40 60 3644545.61986
40 70 3343430.95986
40 80 3496863.15981
40 90 3234578.59983
40 100 3394738.45979
40 110 3148249.81981
40 120 3307013.25977
40 130 3059031.7398
40 140 3226619.39976
40 150 2993036.9198
40 160 3157740.37976
40 170 2934785.2198
40 180 3117412.09976
40 188 3200474.75973
41 10 3786865.87999
41 20 3983061.25997
41 30 3665076.11995
41 40 3808695.13992
41 50 3503025.3599
41 60 3638062.25986
41 70 3333644.55986
41 80 3500717.73982
41 90 3235582.83983
41 100 3398841.37979
41 110 3131004.73982
41 120 3292382.09978
41 130 3057822.63981
41 140 3222653.45976
41 150 2989065.0598
41 160 3141505.13976
41 170 2932618.3398
41 180 3069785.81976
41 183 2960286.31979
42 10 3788904.09999
42 20 3903426.19997
42 30 3655696.71995
42 40 3813238.07992
42 50 3486206.3999
42 60 3622674.63986
42 70 3338705.47986
42 80 3488309.49982
42 88 3525470.89978
43 10 3788492.49999
43 20 3865357.59997
43 30 3658725.55995
43 40 3767646.19992
43 50 3504004.4999
43 53 3467155.67989
44 10 3726040.03999
44 20 3985104.13997
44 30 3669764.19995
44 40 3829020.09992
44 50 3482639.83991
44 60 3656029.87986
44 70 3352937.81986
44 80 3504040.73981
44 90 3227941.47983
44 100 3386779.23978
44 110 3147877.95982
44 120 3332389.57978
44 130 3081568.7398
44 140 3253576.51976
44 150 3022377.2798
44 160 3171973.67976
44 170 2955713.9798
44 180 3117856.87975
44 190 2910058.9998
44 200 3096936.13975
44 210 2869569.5198
44 220 3058052.75974
44 230 2850748.55979
44 240 3045345.51975
44 250 2837762.59979
44 260 3005250.93974
44 270 2801932.2998
44 280 2992503.33975
44 290 2798972.8798
44 300 2979064.69975
44 310 2773815.11981
44 320 2979205.81975
44 330 2775577.37981
44 340 2964161.31975
44 350 2768467.87981
44 360 2955362.99975
44 370 2770905.7198
44 380 2932010.39975
44 390 2754277.25981
44 400 2937365.09975
44 410 2761683.8598
44 420 2944734.07975
44 430 2869518.93978
44 440 2961552.79975
44 450 2854317.19978
44 460 2935995.17976
44 470 2853071.65979
44 480 2870096.51978
44 490 2973207.17975
44 500 2869427.19978
44 510 2970751.65975
44 517 3058821.55973
45 10 3789825.27999
45 20 3866222.11997
45 30 3669147.03995
45 40 3722693.95992
45 50 3521655.6199
45 60 3660316.37986
45 70 3357678.11986
45 80 3515834.81982
45 90 3234807.27983
45 100 3377741.6598
45 107 3343042.85978
46 10 3788282.89999
46 20 3980832.95997
46 30 3658013.69995
46 40 3725321.31992
46 50 3491304.7399
46 52 3817741.09986
47 10 3789658.25999
47 20 3978061.71997
47 30 3665925.73995
47 40 3832419.55991
47 50 3518870.2999
47 60 3608852.15986
47 70 3384714.35986
47 80 3522928.41981
47 90 3242481.01983
47 100 3401924.01979
47 110 3143170.77981
47 120 3305718.83977
47 130 3067714.1198
47 140 3216059.27976
47 150 3232990.61975
47 160 3116725.97977
47 170 3207892.01975
47 180 3091327.15976
47 189 3265667.05973
48 10 3789677.75999
48 20 3867362.39997
48 30 3654805.11995
48 40 3792794.33992
48 50 3497771.2799
48 60 3569762.29986
48 70 3334168.15986
48 80 3470876.93981
48 84 3536932.63979
49 10 3788289.23999
49 20 3908832.91997
49 30 3662165.31995
49 40 3781713.79992
49 50 3508018.1799
