0 0 4193020.22
0 15 3743420.65982
0 30 3566142.65977
0 45 3538983.23977
0 60 3520360.53977
0 75 3556088.35977
0 90 3550713.29977
0 105 3564291.41977
0 120 3579569.31978
0 135 3574764.97978
0 150 3530651.29977
0 165 3540921.65977
0 180 3559658.71977
0 195 3541201.43977
0 210 3549174.73977
0 225 3552952.89977
0 240 3544227.49977
0 255 3542537.37977
0 270 3536774.75977
0 285 3529399.57977
0 300 3529802.21977
0 315 3505449.09976
0 330 3546670.55978
0 345 3534723.43977
0 360 3567991.17977
0 375 3526589.89976
0 390 3537711.73977
0 405 3525471.83977
0 420 3526214.75977
0 435 3547218.35977
0 450 3512538.91976
0 465 3541428.73977
0 480 3539820.47977
0 495 3524647.65977
0 510 3534846.79977
0 525 3500993.27976
0 540 3545423.01977
0 555 3526459.05977
0 570 3521502.49976
0 585 3531256.73977
0 600 3535151.49977
0 615 3547188.73977
0 630 3576590.77977
0 645 3516659.79977
0 660 3505670.25976
0 675 3562890.55978
0 690 3542116.91977
0 705 3559149.51977
0 720 3527742.13976
0 735 3498124.41976
0 750 3524128.69977
0 765 3525604.69977
0 780 3556864.25977
0 795 3556291.65977
0 810 3532669.67977
0 825 3529608.81977
0 840 3550503.97977
0 855 3541412.73977
0 870 3544187.37977
0 885 3560425.61977
0 900 3522117.71977
0 915 3540323.47977
0 930 3569006.77977
0 945 3574891.73977
0 960 3551589.05977
0 975 3557232.29977
1 0 4193359.68
1 15 3735907.89982
1 30 3553112.09977
1 45 3549778.97977
1 60 3524995.07977
1 75 3528284.11977
1 90 3518660.39976
1 105 3547918.37977
1 120 3517656.97976
1 135 3525621.55977
1 150 3510994.01976
1 165 3521432.93977
1 180 3506275.23976
1 195 3505260.71976
1 210 3505544.95976
1 225 3499874.11976
1 240 3507612.55976
1 255 3490950.99977
1 270 3533080.25977
1 285 3543856.93977
1 300 3518354.31977
1 315 3528124.71977
1 330 3513818.73977
1 345 3531699.91977
1 360 3527349.91977
1 375 3541949.63977
1 390 3516359.97976
2 0 4193111.1
2 15 3751295.95983
2 30 3544537.91977
2 45 3529438.51977
2 60 3522655.35976
2 75 3540682.71977
2 90 3530779.15977
2 105 3530805.57977
2 120 3485457.29976
2 135 3509393.49977
2 150 3553809.39977
2 165 3547391.83977
2 180 3482690.11976
2 195 3505902.17976
2 210 3496247.11977
2 225 3519274.65977
2 240 3557822.73977
3 0 4193181.4
3 15 3789769.53984
3 30 3568195.93977
3 45 3532397.35977
3 60 3502712.89976
3 75 3518644.81977
3 90 3535239.11977
3 105 3486633.77976
3 120 3523366.45976
3 135 3506831.23976
3 150 3507212.81976
3 165 3503119.57976
3 180 3504302.69976
3 195 3497233.43976
3 210 3530775.57977
3 225 3520493.73977
3 240 3504670.07976
3 255 3516702.35977
3 270 3514128.55977
3 285 3490742.29976
3 300 3483318.89976
3 315 3514005.83976
3 330 3538258.71976
3 345 3550977.21977
3 360 3509981.17976
3 375 3518703.19977
3 390 3553973.45977
3 405 3537051.21977
3 420 3522015.79977
3 435 3512960.35976
3 450 3508775.77977
3 465 3504783.49976
3 480 3519087.39977
3 495 3555002.43977
3 510 3560370.67977
4 0 4193389.78
4 15 3736596.17982
4 30 3536692.93977
4 45 3557472.99977
4 60 3535389.05977
4 75 3505571.97976
4 90 3537520.79976
4 105 3533532.95976
4 120 3544753.63977
4 135 3499220.59976
4 150 3529783.77977
4 165 3532636.31977
4 180 3547774.31977
4 195 3528350.83977
4 210 3558250.99978
4 225 3536007.57977
4 240 3529035.75977
4 255 3519821.51976
4 270 3501572.59976
4 285 3551012.61977
4 300 3467585.51976
4 315 3510267.79976
4 330 3512918.85976
5 0 4193165.84
5 15 3765522.01983
5 30 3551507.11977
5 45 3530822.55977
5 60 3511458.53976
5 75 3503319.03976
5 90 3534938.63977
5 105 3517730.91976
5 120 3552575.55977
5 135 3510636.55976
5 150 3520673.65976
5 165 3543813.57977
5 180 3537497.79978
5 195 3510679.29977
5 210 3524046.51977
5 225 3555210.89978
5 240 3540978.59977
5 255 3502009.45976
5 270 3527013.25977
5 285 3533745.39977
5 300 3529332.15977
5 315 3519715.23977
5 330 3518359.95976
5 345 3528735.65977
5 360 3510962.01977
5 375 3497661.03977
5 390 3496552.97976
5 405 3522280.41977
6 0 4193495.48
6 15 3793095.01984
6 30 3533173.91976
6 45 3484268.25976
6 60 3533173.95977
6 75 3519543.11977
6 90 3505433.15976
6 105 3531365.33977
6 120 3525840.07977
6 135 3529875.85976
6 150 3545543.45977
6 165 3539036.49977
6 180 3504713.63976
6 195 3514880.99976
6 210 3515838.73976
6 225 3516803.43977
6 240 3525428.27977
6 255 3524407.59977
6 270 3543759.91977
6 285 3533780.23977
6 300 3540303.13977
6 315 3538767.61977
6 330 3537914.49977
6 345 3550680.37977
6 360 3519329.19976
6 375 3550886.19977
6 390 3509513.41976
6 405 3532898.59977
6 420 3527287.67976
6 435 3525124.99976
6 450 3526731.79977
6 465 3522923.41977
6 480 3511809.21977
6 495 3504602.05976
6 510 3536525.55977
6 525 3505254.33976
6 540 3507206.89976
6 555 3524723.61977
6 570 3506280.13976
6 585 3523244.17977
6 600 3548445.47977
6 615 3520476.85976
6 630 3529528.51977
6 645 3554880.15977
6 660 3504728.13976
6 675 3506668.43976
6 690 3478726.81976
6 705 3502136.45976
6 720 3517235.29977
6 735 3505878.17976
6 750 3538366.07977
6 765 3546329.37977
6 780 3514433.25976
6 795 3524239.49977
6 810 3530789.11977
6 825 3547006.13978
6 840 3533978.01977
6 855 3556035.97978
6 870 3478430.29976
6 885 3499002.83976
6 900 3517632.99977
6 915 3492745.11976
6 930 3517907.83977
6 945 3540048.03977
6 960 3519735.43977
6 975 3516828.59976
7 0 4193115.46
7 15 3728607.13982
7 30 3585525.27978
7 45 3555550.03977
7 60 3549549.05977
7 75 3508546.21976
7 90 3523525.93977
7 105 3527526.09977
7 120 3556900.57978
7 135 3508930.67977
7 150 3519057.85976
7 165 3553553.37977
7 180 3527692.11977
7 195 3502231.73976
7 210 3506962.21976
7 225 3511380.83977
7 240 3528771.31977
7 255 3569335.95978
7 270 3522841.77976
7 285 3554743.75977
7 300 3486731.45976
7 315 3526361.45976
7 330 3581746.79978
7 345 3539606.13977
7 360 3539228.69977
7 375 3512071.35976
7 390 3517750.81977
7 405 3529971.69977
7 420 3518922.61976
7 435 3545802.41977
7 450 3503581.31977
7 465 3555077.49977
7 480 3531995.83977
7 495 3552018.37977
7 510 3545726.07977
8 0 4193285.04
8 15 3758678.07983
8 30 3586669.67978
8 45 3530166.47977
8 60 3496698.15976
8 75 3532561.59977
8 90 3544151.61977
8 105 3547016.95977
8 120 3487707.95976
8 135 3536657.25976
8 150 3541998.27977
8 165 3531500.45977
8 180 3536923.65977
8 195 3505660.87976
8 210 3525613.23977
8 225 3514920.79976
8 240 3549059.07977
8 255 3517234.17977
8 270 3519731.85977
8 285 3506838.55976
9 0 4193124.28
9 15 3732730.73982
9 30 3549941.35978
9 45 3505523.93976
9 60 3505102.93976
9 75 3497017.79976
9 90 3519614.31977
9 105 3516377.31977
9 120 3538441.11977
9 135 3536267.59977
9 150 3560683.59977
9 165 3497998.13976
9 180 3494164.15976
9 195 3533303.49977
9 210 3548573.13977
9 225 3509756.71976
9 240 3543172.87977
9 255 3537862.89977
9 270 3573812.55978
9 285 3511269.43976
9 300 3511480.35977
9 315 3557400.83977
9 330 3524906.15977
9 345 3496516.23976
9 360 3560370.71977
9 375 3532000.29977
9 390 3549039.33977
9 405 3559726.91977
9 420 3513509.39976
9 435 3532027.19977
9 450 3530679.47977
9 465 3534239.83977
9 480 3525110.51977
9 495 3559218.25977
9 510 3532304.63976
9 525 3556533.31977
9 540 3572251.83977
9 555 3581499.57978
9 570 3544939.99977
9 585 3551494.05977
9 600 3536913.37977
9 615 3539542.79977
9 630 3548331.47977
9 645 3498532.67976
9 660 3543883.89977
9 675 3559945.39977
9 690 3519803.09976
9 705 3507760.21976
9 720 3537679.23977
9 735 3552383.97978
9 750 3531017.11977
9 765 3559679.95977
9 780 3549762.07977
9 795 3524613.91977
9 810 3521929.77976
9 825 3545878.09977
9 840 3547007.09977
9 855 3540221.19977
9 870 3533806.57977
9 885 3551415.23977
9 900 3555098.67977
9 915 3552870.65977
9 930 3541867.85977
9 945 3510298.25977
9 960 3513138.01977
9 975 3554505.51978
10 0 4193731.38
10 15 3758992.49983
10 30 3569494.97978
10 45 3535862.21977
10 60 3515483.25976
10 75 3532778.55977
10 90 3552795.05977
10 105 3510040.61976
10 120 3520252.67976
10 135 3546338.25977
10 150 3559439.85977
10 165 3538005.89977
10 180 3520434.45977
10 195 3521776.43977
10 210 3545247.71977
10 225 3513376.49976
10 240 3517228.83976
10 255 3523475.97977
10 270 3526954.81977
10 285 3494735.75976
10 300 3509765.69976
10 315 3490364.15976
10 330 3529049.69977
10 345 3501033.63976
10 360 3520838.87977
10 375 3548739.37977
10 390 3524089.39977
10 405 3475626.09976
10 420 3524074.93977
10 435 3500695.03976
10 450 3492576.35976
10 465 3498709.55976
10 480 3543555.17977
11 0 4192902.32
11 15 3759843.51983
11 30 3562155.09977
11 45 3545067.45977
11 60 3494854.77977
11 75 3528915.49976
11 90 3530493.37977
11 105 3525719.09976
11 120 3508350.53976
11 135 3537909.93977
11 150 3531671.69977
11 165 3518081.83976
11 180 3527669.55977
11 195 3522945.13976
11 210 3549731.21977
11 225 3517107.69976
11 240 3499536.17976
11 255 3491452.87976
11 270 3524167.09977
11 285 3564586.07978
11 300 3530911.47977
11 315 3505660.01976
11 330 3551182.93977
11 345 3496714.81976
11 360 3509223.73976
11 375 3521341.35977
11 390 3540216.79977
11 405 3545620.33977
11 420 3542853.09977
11 435 3538854.13977
11 450 3504101.11976
11 465 3550848.41977
11 480 3568222.31978
11 495 3552777.73977
11 510 3539806.05977
11 525 3545523.11977
11 540 3503217.93976
11 555 3515081.03977
11 570 3561404.03978
11 585 3494958.77976
11 600 3496340.19976
11 615 3511777.99976
11 630 3530603.57977
11 645 3499726.13976
11 660 3514818.87976
11 675 3508674.85977
11 690 3498903.39976
11 705 3499359.51976
11 720 3504333.17977
11 735 3512990.45976
11 750 3545875.67977
11 765 3520951.17977
11 780 3496558.61976
11 795 3503024.27976
11 810 3501529.87976
11 825 3515969.27977
11 840 3480472.23976
11 855 3523080.23977
11 870 3567604.89977
11 885 3540010.53977
11 900 3494989.71976
11 915 3512089.37976
11 930 3504627.25976
11 945 3513717.79977
11 960 3514238.31976
11 975 3512226.47976
12 0 4193251.16
12 15 3754693.51983
12 30 3549974.25977
12 45 3535612.93977
12 60 3486546.39976
12 75 3523842.17977
12 90 3554684.47977
12 105 3546439.49977
12 120 3542627.05977
12 135 3530999.21977
12 150 3537315.39977
12 165 3521678.17977
12 180 3515801.85977
13 0 4193619.44
13 15 3715784.11982
13 30 3552421.47977
13 45 3527639.91977
13 60 3519127.29977
13 75 3543486.47977
13 90 3491394.35976
13 105 3484662.01975
13 120 3526220.95977
13 135 3507358.09976
13 150 3533795.77977
13 165 3546913.87977
13 180 3520442.49977
13 195 3519003.75977
13 210 3495182.69976
13 225 3510913.83976
13 240 3504665.07976
13 255 3529300.63977
13 270 3533569.51977
13 285 3502384.57977
13 300 3533609.43976
13 315 3525309.05977
13 330 3504121.13977
13 345 3554427.11977
13 360 3541559.41977
13 375 3535789.05977
13 390 3534621.63977
13 405 3523925.23977
13 420 3475078.63976
13 435 3507555.07976
13 450 3531847.07977
13 465 3528816.51976
13 480 3565163.35977
13 495 3494789.19977
13 510 3504318.31976
13 525 3515492.45976
13 540 3508236.27976
13 555 3495911.07976
13 570 3518595.05977
13 585 3517927.89977
13 600 3536105.27977
13 615 3528237.31977
13 630 3511121.83976
13 645 3516645.47977
13 660 3469721.85976
13 675 3478838.59976
13 690 3507874.61977
13 705 3526035.89977
13 720 3508346.69977
13 735 3479981.57976
13 750 3503239.11977
13 765 3513021.67976
13 780 3520843.05976
13 795 3526460.41977
13 810 3492483.41976
13 825 3504955.25976
13 840 3485710.15976
13 855 3494894.69976
13 870 3526050.59977
13 885 3505690.79977
13 900 3498025.77976
13 915 3519069.41977
13 930 3537036.23977
13 945 3517487.75977
13 960 3522649.31977
13 975 3521956.97976
14 0 4193132.84
14 15 3811697.73985
14 30 3547466.09977
14 45 3552842.85977
14 60 3532954.57977
14 75 3508878.61976
14 90 3538125.65977
14 105 3533351.85977
14 120 3550537.87977
14 135 3516029.23976
14 150 3566603.27977
14 165 3483391.53976
14 180 3538446.93977
14 195 3551925.73977
14 210 3544523.17977
14 225 3536574.89977
14 240 3537195.01977
14 255 3554666.91977
14 270 3533556.49977
14 285 3552464.33977
14 300 3535957.03977
14 315 3479803.61976
14 330 3512557.47976
14 345 3558976.43977
14 360 3532589.87977
14 375 3535360.37977
14 390 3491143.45976
14 405 3542425.97977
14 420 3546757.27977
14 435 3569662.45977
14 450 3538064.09977
14 465 3486516.17976
14 480 3500944.67976
14 495 3474592.35976
14 510 3482337.35976
14 525 3505382.43976
14 540 3508569.15977
14 555 3521138.89977
14 570 3498440.31976
14 585 3511986.27976
14 600 3523325.13977
14 615 3505725.77976
14 630 3516274.21976
14 645 3519174.13976
14 660 3528780.01977
14 675 3538103.17977
14 690 3487173.37976
14 705 3515618.57977
14 720 3507203.31976
14 735 3521734.71977
14 750 3492961.63976
14 765 3473852.81976
14 780 3504023.87976
14 795 3489362.51976
14 810 3525486.29977
14 825 3513361.69977
14 840 3540244.77977
14 855 3512269.93976
14 870 3478009.39976
14 885 3545145.21977
14 900 3485536.97976
14 915 3532194.67977
14 930 3502478.47976
14 945 3487896.71976
14 960 3492220.59976
14 975 3517356.41977
15 0 4193436.62
15 15 3777866.57983
15 30 3553901.91977
15 45 3514633.89976
15 60 3546551.83977
15 75 3547066.11977
15 90 3539015.49977
15 105 3538760.63977
15 120 3536158.57977
15 135 3540698.43977
15 150 3540183.17977
15 165 3492714.81976
15 180 3480005.31976
15 195 3502826.71977
15 210 3497973.53976
15 225 3502722.57976
15 240 3517418.69977
15 255 3531353.53977
15 270 3554391.63977
15 285 3500423.69976
15 300 3524324.09977
15 315 3533758.85977
15 330 3504734.05977
15 345 3510215.31977
15 360 3507718.43976
15 375 3518092.91977
15 390 3548655.79977
15 405 3521740.05977
15 420 3517270.61976
15 435 3471579.21976
15 450 3502511.31976
15 465 3509637.43976
15 480 3526418.81977
15 495 3519062.37977
15 510 3496778.95976
15 525 3437367.97976
15 540 3534904.71977
15 555 3510987.45976
15 570 3515984.85977
15 585 3516617.87977
15 600 3543553.67977
15 615 3516858.77977
15 630 3501998.53976
15 645 3522568.67977
15 660 3498310.99976
15 675 3522441.73976
15 690 3491469.39976
15 705 3534942.45977
15 720 3498276.81976
15 735 3518395.57977
15 750 3489399.51976
15 765 3522562.69977
15 780 3506930.41976
15 795 3464822.49976
15 810 3529097.63977
15 825 3498277.65976
15 840 3527821.63976
15 855 3497356.17976
15 870 3482886.05976
15 885 3506928.59976
15 900 3478820.87976
15 915 3491958.71976
15 930 3509947.79976
15 945 3512729.51977
15 960 3528992.45977
15 975 3547217.45977
16 0 4193416.88
16 15 3731018.29982
16 30 3553909.85977
16 45 3546626.59977
16 60 3556037.99977
16 75 3523112.13977
16 90 3506867.51976
16 105 3497322.93976
16 120 3506658.79977
16 135 3517948.05977
16 150 3543263.03977
16 165 3517577.35976
16 180 3500985.03976
16 195 3494165.77976
16 210 3513999.21976
16 225 3550026.39977
16 240 3517822.39977
16 255 3567288.97978
16 270 3482811.71976
16 285 3519612.53977
16 300 3527206.81976
16 315 3544013.63977
16 330 3487160.61976
16 345 3532691.23977
16 360 3586603.99978
16 375 3531693.79977
16 390 3534339.11977
16 405 3540171.63977
16 420 3530335.29976
16 435 3500315.11976
16 450 3570120.83977
16 465 3561554.13978
16 480 3485874.83976
16 495 3501439.01976
16 510 3515835.65976
16 525 3525259.85977
16 540 3545075.17977
16 555 3519580.91977
16 570 3505401.81976
16 585 3473077.83976
16 600 3525770.81977
16 615 3485079.55976
16 630 3509691.51976
16 645 3539915.21977
16 660 3502661.99976
16 675 3515311.49976
16 690 3512045.29976
16 705 3488858.29976
16 720 3507719.39976
16 735 3530366.53976
16 750 3542847.27977
16 765 3554676.37977
16 780 3524460.79977
16 795 3519733.25977
16 810 3565119.35977
16 825 3524469.51976
16 840 3508945.35976
16 855 3529401.59977
16 870 3497637.77976
16 885 3531124.43976
16 900 3558747.49977
16 915 3546760.71977
16 930 3540419.59977
16 945 3537171.59977
16 960 3516710.89977
16 975 3470793.53976
17 0 4193048.3
17 15 3779985.25984
17 30 3564686.67978
17 45 3538789.13977
17 60 3557533.25977
17 75 3497822.63977
17 90 3486176.27976
17 105 3521085.47977
17 120 3496131.07976
17 135 3514868.75976
17 150 3537016.05977
17 165 3516048.35977
17 180 3516726.67977
17 195 3534957.15976
17 210 3496755.37976
17 225 3521877.37977
17 240 3486986.47976
17 255 3520237.49977
17 270 3526331.29976
17 285 3558911.41977
17 300 3490365.87976
17 315 3498641.51976
17 330 3547273.75978
17 345 3498323.83976
17 360 3520684.09976
17 375 3559345.13977
17 390 3537169.03977
17 405 3526145.07977
17 420 3507701.01977
17 435 3534297.61977
17 450 3502753.85976
17 465 3548057.41977
17 480 3552253.75977
17 495 3553528.41977
17 510 3510693.07977
17 525 3539987.31977
17 540 3568257.07978
17 555 3527959.97977
17 570 3505181.61976
17 585 3526820.91977
17 600 3534718.71977
17 615 3499479.93976
17 630 3528191.01977
17 645 3507419.55977
17 660 3515904.37977
17 675 3486339.23976
17 690 3534841.93977
17 705 3530166.35977
17 720 3563069.91977
17 735 3531529.43977
17 750 3529270.35977
17 765 3491221.99976
17 780 3535565.43977
17 795 3521238.05977
17 810 3525271.51977
17 825 3483265.79976
17 840 3535361.31977
17 855 3538450.81977
17 870 3500910.07976
17 885 3530413.11976
17 900 3508513.63976
17 915 3497283.11976
17 930 3529968.71977
17 945 3517596.79976
17 960 3534269.31977
17 975 3494934.85976
18 0 4193180.4
18 15 3747982.15983
18 30 3531709.71977
18 45 3523023.07976
18 60 3524618.95977
18 75 3515887.25976
18 90 3509141.67976
18 105 3548796.73977
18 120 3499439.07976
18 135 3495354.61976
18 150 3482769.23976
18 165 3498718.75976
18 180 3559482.93977
18 195 3531619.35977
18 210 3569421.63977
18 225 3534798.99977
18 240 3498995.99976
18 255 3503840.81976
18 270 3502730.55976
18 285 3499777.93976
18 300 3560249.69977
18 315 3531441.05977
18 330 3525170.55976
18 345 3525326.85976
18 360 3481335.93976
18 375 3519184.49976
18 390 3509690.09976
18 405 3534838.01977
18 420 3519490.87976
18 435 3509430.37976
18 450 3505132.51976
18 465 3518657.11977
18 480 3535221.41977
18 495 3533315.55977
18 510 3502975.43976
18 525 3530009.85977
18 540 3541301.55977
18 555 3515782.37976
18 570 3542580.37977
18 585 3506687.21976
18 600 3548105.07977
18 615 3513963.77977
18 630 3539545.19977
18 645 3530152.03977
18 660 3485250.21976
18 675 3506193.77977
18 690 3515598.61977
18 705 3501394.93977
18 720 3516056.51976
18 735 3495773.97976
18 750 3528380.87976
18 765 3512170.89977
18 780 3515085.53976
18 795 3502446.61976
18 810 3504076.97976
18 825 3534008.25977
18 840 3517422.77977
18 855 3527560.99977
18 870 3525738.59977
18 885 3536278.71977
18 900 3526034.63977
18 915 3504612.67976
18 930 3515679.85977
18 945 3518653.93977
18 960 3507918.55976
18 975 3536815.99977
19 0 4193576.86
19 15 3747190.71983
19 30 3522190.37977
19 45 3524278.59976
19 60 3555902.85978
19 75 3541819.03977
19 90 3540245.57977
19 105 3568475.49978
19 120 3541547.13977
19 135 3522951.95977
19 150 3515158.93977
19 165 3524035.07977
19 180 3523046.23977
19 195 3487433.41976
19 210 3520479.51977
19 225 3491461.25976
19 240 3541578.05977
19 255 3531900.59977
19 270 3518477.73976
19 285 3500998.35976
19 300 3528465.19977
19 315 3517222.07977
19 330 3508323.25976
19 345 3517518.49976
19 360 3532698.65977
19 375 3515688.79976
19 390 3529450.75976
19 405 3526735.59976
19 420 3492299.93976
19 435 3465039.55976
19 450 3504576.97977
19 465 3522760.13976
19 480 3480565.03976
19 495 3564002.97977
19 510 3537591.67977
19 525 3553059.99977
19 540 3521064.55976
19 555 3557613.57977
19 570 3585203.73978
19 585 3555307.59977
19 600 3505720.57976
19 615 3522777.05977
19 630 3529517.77977
19 645 3526017.23977
19 660 3526436.15977
19 675 3521315.09977
19 690 3540487.59977
19 705 3508553.79976
19 720 3498234.63976
19 735 3540229.87977
19 750 3536283.25977
19 765 3501684.89976
19 780 3543984.21977
19 795 3555263.83977
19 810 3504248.61976
19 825 3530689.15977
19 840 3530547.35977
19 855 3490970.25976
19 870 3502970.13976
19 885 3526840.29977
19 900 3531205.59977
19 915 3543585.07977
19 930 3491841.93976
20 0 4193343.3
20 15 3752799.49983
20 30 3597217.21978
20 45 3513925.91976
20 60 3532143.65976
20 75 3529057.97977
20 90 3482709.83976
20 105 3501509.29976
20 120 3529175.93977
20 135 3526057.61976
20 150 3515798.07976
20 165 3499291.85976
20 180 3494145.95976
20 195 3498772.69976
20 210 3490429.75976
20 225 3497551.99976
20 240 3528091.71977
20 255 3533945.21977
20 270 3528892.29976
20 285 3522445.51977
20 300 3494407.21976
20 315 3549129.81977
20 330 3521662.75977
20 345 3546193.33977
20 360 3498838.19976
20 375 3504822.23977
20 390 3539479.77977
20 405 3527239.23976
20 420 3545181.09977
20 435 3555762.51977
20 450 3480371.89976
20 465 3524045.47977
20 480 3493939.57976
20 495 3549691.51977
20 510 3544312.53977
20 525 3558216.97977
20 540 3487740.63976
20 555 3500533.23976
20 570 3528767.97976
20 585 3499115.95976
20 600 3520335.91977
20 615 3589494.87978
20 630 3525540.67976
20 645 3514744.25976
20 660 3547413.03977
20 675 3528168.97977
20 690 3524421.35977
20 705 3514255.09977
20 720 3527119.59976
20 735 3527058.25977
20 750 3512386.65976
20 765 3507417.49977
20 780 3476475.17976
20 795 3503576.11976
21 0 4193604.44
21 15 3748680.63983
21 30 3543673.73977
21 45 3503852.39976
21 60 3511554.15976
21 75 3514250.25977
21 90 3475246.33976
21 105 3536776.75977
21 120 3505303.71976
21 135 3548945.51977
21 150 3535161.99977
21 165 3516525.63976
21 180 3526804.97977
21 195 3533235.51977
21 210 3492441.37976
21 225 3508320.87977
21 240 3509971.79977
21 255 3475807.65976
21 270 3505013.03976
21 285 3547994.33977
21 300 3569095.09977
21 315 3540712.61977
21 330 3502159.03976
21 345 3516357.87977
21 360 3582450.07978
21 375 3524707.09976
21 390 3545736.15977
21 405 3528308.23977
21 420 3510316.65976
21 435 3535130.25977
21 450 3529099.59976
21 465 3539610.33977
21 480 3533173.57977
21 495 3558917.77977
21 510 3565807.09977
21 525 3559784.17977
21 540 3508630.25976
21 555 3503019.55976
21 570 3542787.33977
21 585 3563416.31977
21 600 3527089.83977
21 615 3540749.73977
21 630 3554200.37977
21 645 3514287.29976
21 660 3538140.95977
21 675 3548026.25977
21 690 3539978.75977
21 705 3511668.05976
21 720 3517433.17977
21 735 3538946.25977
21 750 3543769.47977
21 765 3522863.85977
21 780 3570878.15977
21 795 3512437.01977
21 810 3563208.83978
21 825 3562894.93977
21 840 3518958.77976
21 855 3539736.25977
21 870 3515932.99977
21 885 3529082.43976
21 900 3550107.69977
21 915 3556321.19977
21 930 3527800.89977
21 945 3496257.43976
21 960 3519752.57977
21 975 3522184.81976
22 0 4193363.3
22 15 3780887.59984
22 30 3551574.83977
22 45 3514278.99976
22 60 3505807.45976
22 75 3488809.31976
22 90 3478414.13976
22 105 3508868.65976
22 120 3531593.47977
22 135 3497983.63976
22 150 3516489.75977
22 165 3542237.35977
22 180 3500832.17976
22 195 3475270.89976
22 210 3511656.61976
22 225 3522456.73976
22 240 3542356.37977
22 255 3482570.99976
22 270 3490645.97976
22 285 3493438.61976
22 300 3505163.05976
22 315 3507971.61976
22 330 3486338.51976
22 345 3497964.33976
22 360 3507543.53976
22 375 3509213.71977
22 390 3504311.15977
22 405 3521413.75977
22 420 3529489.21977
22 435 3523353.43977
22 450 3530522.89977
22 465 3516706.63976
22 480 3535034.11977
22 495 3538624.43977
22 510 3510917.67977
22 525 3515676.95977
22 540 3502146.51976
22 555 3493922.25976
22 570 3528861.41977
22 585 3485539.71976
22 600 3513204.05976
22 615 3532854.25977
22 630 3503878.01977
22 645 3501895.63976
22 660 3529368.59977
22 675 3531168.71977
22 690 3524141.57977
22 705 3550831.19977
22 720 3524477.99976
22 735 3534708.13977
22 750 3514763.73977
22 765 3489213.99976
22 780 3507816.57976
22 795 3499697.05976
22 810 3490855.63976
22 825 3531269.89977
22 840 3513603.47977
22 855 3485128.17976
22 870 3517127.71976
22 885 3491844.87976
22 900 3521924.23977
22 915 3505821.49976
22 930 3502656.21976
22 945 3500689.91976
22 960 3527472.83977
22 975 3471687.61976
23 0 4193129.92
23 15 3773946.23983
23 30 3534314.75977
23 45 3537369.89977
23 60 3521517.01977
23 75 3492725.63976
23 90 3518351.05976
23 105 3513366.07977
23 120 3488116.45976
23 135 3550144.95977
23 150 3544719.87977
23 165 3523499.29976
23 180 3514537.85976
23 195 3495791.21976
23 210 3485912.85976
23 225 3528092.21977
23 240 3545807.49977
23 255 3536249.25977
23 270 3507243.05976
23 285 3518151.59976
23 300 3500403.95976
23 315 3547540.05977
23 330 3555782.03977
23 345 3522392.13977
23 360 3532469.43977
23 375 3546897.69977
23 390 3550114.25977
23 405 3542026.23977
23 420 3542871.63977
23 435 3537210.77977
23 450 3540676.45977
23 465 3543882.17977
23 480 3537871.01977
23 495 3540757.55977
23 510 3547786.41977
23 525 3568018.49977
23 540 3522603.51977
23 555 3541097.33977
23 570 3551733.67978
23 585 3519773.89977
23 600 3531007.77977
23 615 3547725.73977
23 630 3539681.21977
23 645 3566683.71978
23 660 3542299.31977
23 675 3510568.15976
23 690 3538502.69977
23 705 3556334.17977
23 720 3523861.63976
23 735 3556008.89977
23 750 3534143.95977
23 765 3553534.57977
23 780 3527406.05977
23 795 3545820.09977
23 810 3534541.47976
23 825 3554495.31977
23 840 3542634.05977
23 855 3538315.31977
23 870 3518057.27976
23 885 3508132.61976
23 900 3520901.93976
23 915 3510979.29976
23 930 3526273.51977
23 945 3543900.15977
23 960 3539833.83977
23 975 3574121.69978
24 0 4193469.62
24 15 3743410.29982
24 30 3584015.47978
24 45 3512256.61976
24 60 3543014.15977
24 75 3539443.35977
24 90 3496154.21976
24 105 3527526.67977
24 120 3502101.63976
24 135 3487611.39976
24 150 3518714.55976
24 165 3513958.59977
24 180 3537746.97977
24 195 3539310.67977
24 210 3541284.41977
24 225 3515033.81976
24 240 3522043.69977
24 255 3535316.59977
24 270 3517715.91976
24 285 3532786.85977
24 300 3542717.01977
24 315 3524757.83977
24 330 3508921.75977
24 345 3551185.37977
24 360 3528840.85977
24 375 3497436.99977
24 390 3511169.45977
25 0 4192835.5
25 15 3781635.05983
25 30 3556819.05977
25 45 3541411.13977
25 60 3544377.73977
25 75 3539233.07977
25 90 3511874.49976
25 105 3507150.37976
25 120 3527002.71977
25 135 3538048.37977
25 150 3515444.67976
25 165 3499676.91976
25 180 3508084.89976
25 195 3497540.11977
25 210 3515425.83976
25 225 3485778.51976
25 240 3514079.27977
25 255 3501166.83976
25 270 3536971.31977
25 285 3504709.05976
25 300 3508464.81977
25 315 3521850.31977
25 330 3527651.59977
25 345 3549138.23977
25 360 3521295.41977
25 375 3545021.79977
25 390 3518130.29977
25 405 3511140.67976
25 420 3530764.03977
25 435 3535163.91977
25 450 3492472.93976
25 465 3471334.25975
25 480 3499220.39976
25 495 3530687.03977
25 510 3487552.97976
25 525 3493889.47976
25 540 3509135.87976
25 555 3523820.83977
25 570 3535923.31977
25 585 3530528.29977
25 600 3535150.37977
25 615 3549699.45977
25 630 3528713.23977
25 645 3532676.59977
25 660 3554531.19977
25 675 3501052.75976
25 690 3536351.77977
25 705 3496139.37976
25 720 3549727.61977
25 735 3523773.57977
25 750 3548372.05977
25 765 3524300.69977
25 780 3516670.11976
25 795 3512539.93977
25 810 3513683.89976
25 825 3524933.91976
26 0 4193250.86
26 15 3770194.95984
26 30 3566831.57978
26 45 3534296.83977
26 60 3528205.95977
26 75 3510536.31976
26 90 3521079.67977
26 105 3520633.73976
26 120 3510141.73976
26 135 3533963.43977
26 150 3525770.95977
26 165 3524462.75976
26 180 3511134.87977
26 195 3491991.05976
26 210 3486845.37976
26 225 3470188.81976
26 240 3508959.21977
26 255 3521233.65977
26 270 3503001.41976
26 285 3502323.75976
26 300 3542739.83977
26 315 3532676.17977
26 330 3527591.63977
26 345 3504486.81976
26 360 3524062.27977
26 375 3531381.49977
26 390 3536675.87977
26 405 3525239.95977
26 420 3533909.33977
26 435 3470951.99976
26 450 3508929.69976
26 465 3512419.39976
26 480 3497662.05976
26 495 3528987.97976
26 510 3537288.53977
26 525 3512089.81977
26 540 3507306.09976
26 555 3471150.67976
26 570 3530892.37977
26 585 3530446.37977
26 600 3495052.89976
26 615 3517861.45976
26 630 3533888.81977
26 645 3522095.19977
26 660 3553321.67977
26 675 3528797.41977
26 690 3498696.65976
26 705 3500124.29976
26 720 3519367.47977
26 735 3536315.03976
26 750 3500044.77976
26 765 3505189.93976
26 780 3548670.25977
26 795 3475506.37976
26 810 3505446.65976
26 825 3508142.07977
26 840 3498595.95976
26 855 3546266.39977
27 0 4193520.66
27 15 3742274.69983
27 30 3555093.73978
27 45 3518017.79976
27 60 3517453.45977
27 75 3501119.47976
27 90 3536680.33977
27 105 3492290.53976
27 120 3533181.45977
27 135 3543614.15977
27 150 3513299.15977
27 165 3482632.81976
27 180 3523309.91977
27 195 3518636.37977
27 210 3525887.81977
27 225 3506502.75976
27 240 3516569.11977
27 255 3490648.65976
27 270 3497063.19976
27 285 3529088.95977
27 300 3448974.15975
27 315 3497300.07976
27 330 3531777.55977
27 345 3534109.81977
27 360 3555696.01978
27 375 3507256.71977
27 390 3500092.97976
27 405 3529997.79976
27 420 3508250.19977
27 435 3503914.91976
27 450 3515172.21976
27 465 3479423.57976
27 480 3528840.73977
27 495 3526406.01977
27 510 3499467.07977
27 525 3492789.47976
27 540 3509714.43976
27 555 3545689.39977
27 570 3554652.19977
27 585 3518845.11977
27 600 3527278.11977
27 615 3515692.79976
27 630 3530325.69976
27 645 3516058.99976
27 660 3520659.95976
27 675 3540037.87977
27 690 3500117.45976
27 705 3497750.77976
27 720 3495098.85976
27 735 3501030.29976
27 750 3511431.35976
27 765 3495107.03976
27 780 3536718.37977
27 795 3528631.45977
27 810 3544928.65977
27 825 3520715.21976
27 840 3515742.29976
27 855 3524902.63977
27 870 3514423.13976
27 885 3535083.93977
27 900 3504825.15976
27 915 3508059.23976
27 930 3550834.93977
27 945 3505976.67976
27 960 3503997.49976
27 975 3520594.33976
28 0 4193397.34
28 15 3749496.27982
28 30 3557084.99977
28 45 3503563.05976
28 60 3512085.57976
28 75 3531310.75977
28 90 3530008.77977
28 105 3566715.99977
29 0 4193399.82
29 15 3738831.79983
29 30 3524484.87977
29 45 3537125.35977
29 60 3539660.09977
29 75 3531476.81977
29 90 3511388.33977
29 105 3480093.77976
29 120 3548579.97977
29 135 3525306.83977
29 150 3524306.77977
29 165 3519476.33977
29 180 3535853.31977
29 195 3528007.37977
29 210 3526314.43976
29 225 3538339.97977
29 240 3518002.39976
29 255 3515645.99976
29 270 3519681.49977
29 285 3536490.89977
29 300 3573360.89978
29 315 3560042.01977
29 330 3538821.85977
29 345 3511629.91977
29 360 3523575.67977
29 375 3523634.81977
29 390 3509613.11977
29 405 3498618.57976
29 420 3512290.23976
29 435 3482257.85976
29 450 3515079.85976
29 465 3533314.57977
29 480 3502166.57976
29 495 3553206.65977
29 510 3522975.97976
29 525 3482399.07976
29 540 3500876.75976
29 555 3518609.31977
29 570 3528596.99977
29 585 3504246.01976
29 600 3524253.89977
29 615 3542527.53977
29 630 3545726.01977
29 645 3545659.91977
29 660 3511057.93976
29 675 3540538.41977
29 690 3533717.21977
29 705 3495387.89976
29 720 3540825.99977
29 735 3522234.17977
29 750 3513025.69976
29 765 3519461.43976
29 780 3493532.79976
29 795 3534341.27977
29 810 3489020.93976
29 825 3477188.15976
29 840 3521094.41977
30 0 4193484.46
30 15 3760398.99983
30 30 3530045.41977
30 45 3502177.27976
30 60 3505196.55976
30 75 3498247.89976
30 90 3520678.35976
30 105 3584991.65978
30 120 3506282.41977
30 135 3497943.59976
30 150 3549806.95977
30 165 3530318.11977
30 180 3514381.37976
30 195 3507661.15977
30 210 3512738.07976
30 225 3533813.13977
30 240 3543925.71977
30 255 3519844.33977
30 270 3496276.81976
30 285 3506593.15977
30 300 3527716.17977
30 315 3512472.07977
30 330 3517211.61976
30 345 3561342.31977
30 360 3512917.23976
30 375 3495034.15976
30 390 3540585.27977
30 405 3546285.83977
31 0 4193391.52
31 15 3770470.87983
31 30 3550829.53977
31 45 3471271.59976
31 60 3521337.79977
31 75 3517590.91977
31 90 3504282.77976
31 105 3526721.97976
31 120 3543936.11977
31 135 3540437.81977
31 150 3520098.61976
31 165 3527615.07976
31 180 3547866.23977
31 195 3556372.97977
31 210 3559432.41978
31 225 3530884.69977
31 240 3551506.21977
31 255 3502927.95976
31 270 3504373.73976
31 285 3542251.75977
31 300 3525391.63977
31 315 3550100.57977
31 330 3576729.03977
31 345 3539070.87977
31 360 3536387.85977
31 375 3543975.19977
31 390 3509223.95976
31 405 3518779.95977
31 420 3478104.61975
31 435 3512676.49976
31 450 3488970.23976
31 465 3489623.31976
31 480 3517681.87977
31 495 3511924.31976
31 510 3548551.15977
31 525 3500828.81976
31 540 3547861.29977
31 555 3563162.49977
31 570 3523052.99977
31 585 3521408.41976
31 600 3527243.97977
31 615 3527485.59977
31 630 3520848.41977
31 645 3489499.27976
31 660 3547712.43977
31 675 3513622.23976
31 690 3507838.65977
31 705 3523294.59977
31 720 3517655.47977
31 735 3493855.83976
31 750 3500401.35976
31 765 3480463.03976
31 780 3524038.33977
31 795 3549683.89977
31 810 3526213.95977
31 825 3499671.67976
31 840 3468882.63976
31 855 3518078.37976
31 870 3542390.11977
31 885 3540746.95977
31 900 3468169.19976
31 915 3523077.17977
31 930 3528149.55977
31 945 3510543.43976
31 960 3534188.83977
31 975 3524650.01977
32 0 4193427.38
32 15 3764652.99983
32 30 3525716.87976
32 45 3552319.29977
32 60 3540892.11977
32 75 3526121.15977
32 90 3528752.57976
32 105 3548575.21977
32 120 3586769.57978
32 135 3512660.29976
32 150 3529417.23977
32 165 3514416.55976
32 180 3525132.03977
32 195 3544436.23977
32 210 3520214.23977
32 225 3529960.25977
32 240 3541470.45977
32 255 3535932.33977
32 270 3512877.07977
32 285 3513817.01977
32 300 3497852.67976
32 315 3520409.53977
32 330 3519016.83976
32 345 3544384.45977
32 360 3525867.59976
32 375 3570272.59977
32 390 3570743.01978
32 405 3526306.85977
32 420 3538398.51977
32 435 3529288.91977
32 450 3540458.25977
32 465 3548785.49977
32 480 3517283.29977
32 495 3545828.55977
32 510 3535834.47977
32 525 3536765.55977
32 540 3537819.29977
32 555 3516228.33977
32 570 3537618.41977
32 585 3559021.23977
32 600 3521538.51976
32 615 3505512.85977
32 630 3580926.09978
32 645 3545704.13977
32 660 3524575.41977
32 675 3545568.99977
32 690 3548217.21977
32 705 3538390.75977
32 720 3512528.51976
32 735 3521369.15977
32 750 3550727.97977
32 765 3548941.37977
32 780 3551623.31977
32 795 3540524.53977
32 810 3561275.47977
32 825 3552244.15977
32 840 3525209.69977
32 855 3528215.45976
32 870 3546504.29977
32 885 3516618.13977
32 900 3499567.29976
32 915 3536921.75977
32 930 3518289.53976
32 945 3539094.05977
32 960 3554767.91977
32 975 3547901.79977
33 0 4192923.84
33 15 3770823.07983
33 30 3555909.53977
33 45 3513550.93976
33 60 3571206.73977
33 75 3545346.31977
33 90 3537615.35977
33 105 3544663.57977
33 120 3528237.79976
33 135 3539352.27977
33 150 3541350.73977
33 165 3526021.13977
33 180 3534761.61977
33 195 3532118.81977
33 210 3539125.09977
33 225 3522848.59977
33 240 3507862.23976
33 255 3503560.59976
33 270 3552486.63977
33 285 3494884.83976
33 300 3526763.97977
33 315 3525163.55976
33 330 3558864.01977
33 345 3521511.35977
33 360 3524723.19977
33 375 3540371.71977
33 390 3562675.83977
33 405 3556195.29977
33 420 3499767.89976
33 435 3528797.69976
33 450 3537411.31977
33 465 3542825.13977
33 480 3565081.49977
33 495 3569039.87977
33 510 3531178.25977
33 525 3514626.67977
33 540 3512832.31976
33 555 3556875.35977
33 570 3548483.21977
33 585 3526479.45977
33 600 3561479.31978
33 615 3540176.99977
33 630 3537835.25977
33 645 3509271.47977
33 660 3537354.15977
33 675 3527386.73977
33 690 3535704.01977
33 705 3541679.57977
33 720 3561181.43978
33 735 3506893.27976
33 750 3553080.09977
33 765 3528886.41977
33 780 3532092.31977
33 795 3525736.71977
33 810 3513114.87977
33 825 3544896.05977
33 840 3551663.85977
33 855 3529175.97976
33 870 3526410.53977
33 885 3547437.23977
33 900 3542453.67977
33 915 3513640.05976
33 930 3497001.03976
33 945 3555391.23977
33 960 3505229.47976
33 975 3539675.49977
34 0 4193057.88
34 15 3748999.23983
34 30 3550473.79978
34 45 3537265.81977
34 60 3515177.05977
34 75 3527666.63976
34 90 3514873.15977
34 105 3496558.21976
34 120 3562799.67978
34 135 3519840.99977
34 150 3498699.25976
34 165 3480094.49976
34 180 3504967.99976
34 195 3531944.23976
34 210 3525379.91977
34 225 3498477.75976
34 240 3511333.63976
34 255 3472776.61976
34 270 3499804.01976
34 285 3534299.45977
34 300 3506839.67976
34 315 3546512.23977
34 330 3537686.55977
34 345 3538334.77977
34 360 3532020.53977
34 375 3558214.73978
34 390 3500280.33977
34 405 3488317.49976
34 420 3510765.05976
34 435 3508456.19976
34 450 3542361.45977
34 465 3500669.25976
34 480 3520959.99977
34 495 3545310.09977
34 510 3512403.75976
34 525 3495716.57977
34 540 3518862.91977
34 555 3548937.67977
34 570 3513132.59977
34 585 3512000.33976
34 600 3529520.11977
34 615 3542567.03977
34 630 3516883.11977
34 645 3527867.27977
34 660 3527462.73977
34 675 3522510.43977
34 690 3550085.23977
34 705 3513496.15977
34 720 3518006.51976
34 735 3521872.27976
34 750 3543622.93977
34 765 3541657.31977
34 780 3542356.67977
34 795 3496217.81976
34 810 3535457.57977
34 825 3549835.07977
34 840 3541229.09977
34 855 3519873.53977
34 870 3511305.87976
34 885 3538660.17977
34 900 3515548.57977
34 915 3510654.69976
34 930 3524524.57977
34 945 3526506.91977
34 960 3543824.31977
34 975 3550256.75977
35 0 4193584.82
35 15 3759447.11983
35 30 3541533.59977
35 45 3480771.75975
35 60 3508595.83976
35 75 3527775.89977
35 90 3508462.47977
35 105 3517971.15976
35 120 3527182.05977
35 135 3520049.45976
35 150 3539248.19977
35 165 3530509.07977
35 180 3545285.85977
35 195 3557413.13977
35 210 3501649.35976
35 225 3527183.87977
35 240 3524554.85977
35 255 3562995.49977
35 270 3560566.17977
35 285 3572090.25977
35 300 3522050.63977
35 315 3502804.93976
35 330 3536122.75976
35 345 3539578.93977
35 360 3520178.19976
35 375 3540498.85977
35 390 3531915.95977
35 405 3518413.13977
35 420 3559548.65977
35 435 3507011.53976
35 450 3520330.73977
35 465 3535017.03977
35 480 3534277.43977
35 495 3524618.57977
35 510 3526262.01977
35 525 3540588.73977
35 540 3520641.71976
35 555 3535538.85977
35 570 3522272.59977
35 585 3581017.03978
35 600 3550083.85977
35 615 3527158.25977
35 630 3523971.45977
35 645 3510338.95977
35 660 3522883.69977
35 675 3537109.27977
35 690 3542578.25977
35 705 3547956.01977
35 720 3528256.97977
35 735 3516754.95976
35 750 3556795.03977
35 765 3523006.53977
35 780 3526665.71977
35 795 3510891.99977
35 810 3551758.55977
35 825 3544314.39977
35 840 3491489.51976
35 855 3538711.71977
35 870 3511904.95977
35 885 3524047.67977
35 900 3535513.85977
35 915 3523290.07977
35 930 3532588.39977
35 945 3543800.23977
35 960 3538964.23977
35 975 3550815.37977
36 0 4193362.68
36 15 3713480.07982
36 30 3524179.19977
36 45 3527073.91976
36 60 3533224.13977
36 75 3535939.87977
36 90 3549969.05977
36 105 3524349.81977
36 120 3535009.23977
36 135 3534591.85977
36 150 3542862.29977
36 165 3554836.13977
36 180 3501061.23976
36 195 3521591.01977
36 210 3525569.05977
36 225 3514930.89976
36 240 3514638.19977
36 255 3538952.61977
36 270 3538290.23977
36 285 3504348.67976
36 300 3524798.45976
36 315 3514788.61976
36 330 3505021.99976
36 345 3524941.47976
36 360 3553866.69977
36 375 3532375.39977
36 390 3537069.87977
36 405 3493732.37976
36 420 3464481.45976
36 435 3537241.93977
36 450 3543824.35977
36 465 3527317.43977
36 480 3476782.91976
36 495 3548506.85977
36 510 3522621.07977
36 525 3505971.73976
36 540 3518458.09976
36 555 3525190.77977
36 570 3530783.65976
36 585 3514679.07977
36 600 3498809.93976
36 615 3504080.73976
36 630 3527477.45977
36 645 3553183.75977
36 660 3539232.39977
36 675 3505173.69976
36 690 3557591.57977
36 705 3531282.05977
36 720 3482185.21976
36 735 3511567.73976
36 750 3517341.15976
36 765 3505876.51976
36 780 3492759.59976
36 795 3549270.93977
36 810 3507668.97976
36 825 3532949.85977
36 840 3553365.59977
36 855 3561411.01977
36 870 3531872.67977
36 885 3525958.51977
36 900 3543569.43977
36 915 3533014.91977
36 930 3520657.63977
36 945 3544810.17977
36 960 3536207.61977
36 975 3521268.81977
37 0 4192808.8
37 15 3771465.27983
37 30 3547449.51977
37 45 3516456.21976
37 60 3512255.89977
37 75 3518560.45977
37 90 3509822.65976
37 105 3513221.31976
37 120 3520646.15976
37 135 3473966.25976
37 150 3495804.67976
37 165 3540841.97977
37 180 3534370.83977
37 195 3512381.17977
37 210 3527174.11977
37 225 3532686.55977
37 240 3519188.29977
38 0 4193416.26
38 15 3784683.65984
38 30 3585337.11978
38 45 3547896.13977
38 60 3518886.25977
38 75 3526944.53977
38 90 3509509.37976
38 105 3473515.13976
38 120 3516236.21977
38 135 3505583.99976
38 150 3512472.61977
38 165 3513251.99976
38 180 3527511.61977
38 195 3512846.75977
38 210 3541594.75977
38 225 3507800.29976
38 240 3523156.19977
38 255 3553210.77977
38 270 3521038.77976
38 285 3535935.09977
38 300 3525547.35977
38 315 3516580.65976
38 330 3534176.31977
38 345 3498405.31976
38 360 3491971.91976
38 375 3562660.99977
38 390 3533264.59977
38 405 3499496.87976
38 420 3488674.73976
38 435 3519562.41977
38 450 3566662.49977
39 0 4193138.24
39 15 3778119.19983
39 30 3566196.11978
39 45 3492429.15976
39 60 3520855.33976
39 75 3518775.71977
39 90 3523478.81976
39 105 3531482.51976
39 120 3531617.95977
39 135 3491895.17976
39 150 3508930.55976
39 165 3525496.83977
39 180 3548625.99977
39 195 3540435.73977
39 210 3479711.03976
39 225 3529879.71977
39 240 3521710.67977
39 255 3503706.59976
39 270 3489346.47976
39 285 3515849.87976
39 300 3533452.93977
39 315 3510321.71977
39 330 3466669.59975
39 345 3514349.13976
39 360 3507988.11976
39 375 3510296.59976
39 390 3532887.09977
39 405 3516807.11977
39 420 3489774.67976
39 435 3503565.61977
39 450 3525103.11977
39 465 3522557.43976
39 480 3528310.57977
39 495 3543442.15977
39 510 3539514.05977
39 525 3544839.71977
39 540 3521646.63977
39 555 3540440.01977
39 570 3526688.17976
39 585 3499756.75977
39 600 3509265.41976
39 615 3511936.91976
39 630 3494382.65976
39 645 3486296.99976
39 660 3498536.61976
39 675 3494343.21976
39 690 3484727.33976
39 705 3530014.15977
39 720 3500496.91976
39 735 3497844.53976
39 750 3500510.21977
39 765 3519736.87976
39 780 3501942.27977
39 795 3500147.99976
39 810 3580378.37978
39 825 3521570.75977
39 840 3526988.47977
39 855 3511977.55976
39 870 3511715.39977
39 885 3512328.53976
39 900 3524253.19976
39 915 3528758.75977
39 930 3528817.71976
39 945 3557915.91977
39 960 3505969.15976
39 975 3546359.19977
40 0 4193270.74
40 15 3749190.01983
40 30 3545720.11977
40 45 3537585.47977
40 60 3532637.41977
40 75 3506472.31976
40 90 3528182.55977
40 105 3498386.77976
40 120 3487124.57975
40 135 3511040.07977
40 150 3518583.23976
40 165 3546340.47977
40 180 3516839.11977
40 195 3494220.73976
40 210 3467505.45975
40 225 3506572.57976
40 240 3529227.69977
40 255 3524546.57977
40 270 3510950.13977
40 285 3479430.83976
40 300 3518273.95976
40 315 3548610.19977
40 330 3526339.51977
40 345 3538592.19977
40 360 3530989.77977
40 375 3506551.23976
40 390 3551104.05977
40 405 3545211.53977
40 420 3499350.57976
40 435 3499515.65976
40 450 3504538.39976
40 465 3513051.89976
40 480 3541772.35977
40 495 3561330.29977
40 510 3513155.63977
40 525 3538370.91977
40 540 3482849.49976
40 555 3503407.87976
40 570 3507659.57977
40 585 3480945.77976
40 600 3529516.37977
40 615 3521051.97976
40 630 3463700.37976
40 645 3530437.93977
40 660 3474792.51976
40 675 3495447.85976
40 690 3513387.39976
41 0 4193452.5
41 15 3781132.27984
41 30 3550569.17977
41 45 3506646.83976
41 60 3508313.55976
41 75 3532423.05977
41 90 3546283.39977
41 105 3521089.53976
41 120 3507502.39976
41 135 3527804.15977
41 150 3531039.31977
41 165 3518688.23977
41 180 3530150.95977
41 195 3526311.65976
41 210 3537229.19977
41 225 3554728.75977
41 240 3508119.43976
41 255 3550835.09977
41 270 3506293.33976
41 285 3525310.07977
41 300 3506502.79977
41 315 3537682.29977
41 330 3525744.21977
41 345 3489390.67976
41 360 3487421.43977
41 375 3494901.89976
41 390 3484682.51976
41 405 3541063.47977
41 420 3519781.17976
41 435 3514992.31976
41 450 3498291.93976
41 465 3545859.03977
41 480 3500012.97976
41 495 3486036.59976
41 510 3534826.29977
41 525 3518939.73976
41 540 3486844.51976
41 555 3517633.17977
41 570 3485371.19976
41 585 3502562.17977
41 600 3523222.37977
41 615 3521431.43977
41 630 3499851.29976
41 645 3504160.87976
41 660 3525154.15977
41 675 3524790.41977
41 690 3522062.15976
41 705 3524728.75977
41 720 3490161.83976
41 735 3528772.49977
41 750 3493134.51976
41 765 3498871.11977
41 780 3478214.27975
41 795 3493089.49977
42 0 4193567.2
42 15 3783577.97984
42 30 3573745.45978
42 45 3555336.07978
42 60 3526871.03977
42 75 3540086.81977
42 90 3519773.71976
42 105 3496737.87976
42 120 3477537.43976
42 135 3502742.73976
42 150 3531998.99977
42 165 3522441.41976
42 180 3533499.79977
42 195 3529909.37977
42 210 3520228.33977
42 225 3486848.77976
42 240 3495428.65976
42 255 3524706.33977
42 270 3542268.93977
42 285 3508766.35976
42 300 3541360.03977
42 315 3506439.65976
42 330 3512952.51976
42 345 3512780.07976
42 360 3534046.01977
42 375 3502949.31977
42 390 3528932.51976
42 405 3539098.17977
42 420 3565098.37977
42 435 3543086.85977
42 450 3496821.07976
42 465 3536036.19977
42 480 3498498.99976
42 495 3498137.53976
42 510 3525501.31977
43 0 4193176.12
43 15 3785821.91984
43 30 3560751.85977
43 45 3513931.69976
43 60 3518349.75977
43 75 3501877.75976
43 90 3528128.69977
43 105 3556788.93977
43 120 3520750.87977
43 135 3511190.39977
43 150 3548774.53977
43 165 3538469.47977
43 180 3524680.71976
43 195 3506869.17976
43 210 3537034.93977
43 225 3537969.15976
43 240 3520382.01977
43 255 3542721.63977
43 270 3504704.51976
43 285 3533201.59977
43 300 3458923.79976
43 315 3548845.13977
43 330 3552752.17978
43 345 3528883.97977
43 360 3513189.59977
43 375 3517199.31976
43 390 3497227.95976
43 405 3528105.05977
43 420 3506151.99977
43 435 3528422.43977
43 450 3508710.63977
43 465 3514287.27976
43 480 3520116.83976
43 495 3548564.13977
43 510 3539261.53977
43 525 3516282.95977
43 540 3516521.95977
43 555 3526373.03977
43 570 3516816.01976
43 585 3548752.97978
43 600 3525531.51977
43 615 3478885.41976
43 630 3504888.31977
43 645 3514113.95976
43 660 3544299.79977
43 675 3517622.43977
43 690 3521944.47976
43 705 3505497.83976
43 720 3534808.33976
43 735 3533295.17977
43 750 3509164.39976
43 765 3483385.89976
43 780 3526681.09977
43 795 3502830.97976
43 810 3507186.17977
43 825 3496831.47976
43 840 3523651.83976
43 855 3497978.07976
43 870 3519771.95977
43 885 3546203.71977
43 900 3537300.13977
43 915 3533367.43977
43 930 3527012.51977
43 945 3503336.95976
43 960 3502737.25977
43 975 3510078.73976
44 0 4193029.58
44 15 3780920.07984
44 30 3522582.43977
44 45 3523334.81977
44 60 3495907.29976
44 75 3526863.69977
44 90 3526939.71976
44 105 3520627.45976
44 120 3530830.73977
44 135 3498825.93976
44 150 3534628.65977
44 165 3522919.43977
44 180 3539277.73977
44 195 3521330.27977
44 210 3496798.71976
44 225 3492899.89976
44 240 3512701.25976
44 255 3558629.91977
44 270 3556927.73977
44 285 3535165.21977
44 300 3509347.49977
44 315 3561250.03977
44 330 3532564.81977
44 345 3534183.95977
44 360 3548489.09977
44 375 3534219.85977
44 390 3502339.81976
44 405 3516762.15976
44 420 3540108.73977
44 435 3546065.27977
44 450 3510158.45976
44 465 3498986.17976
44 480 3519371.59976
44 495 3492200.07976
44 510 3524466.31976
44 525 3510886.93977
44 540 3511303.37976
44 555 3528786.39977
44 570 3541161.53977
44 585 3539007.05977
44 600 3528893.13977
44 615 3537825.63977
44 630 3512325.63977
44 645 3478855.77976
44 660 3531097.01977
44 675 3539982.81977
44 690 3468885.51976
44 705 3542905.37977
44 720 3493871.01976
44 735 3502833.17976
44 750 3495372.25976
44 765 3516653.99977
44 780 3558605.75977
44 795 3564844.25977
44 810 3518508.09976
44 825 3524110.65977
44 840 3523142.09976
44 855 3497775.69976
44 870 3511690.31977
44 885 3509290.51976
44 900 3530391.49977
45 0 4193153.66
45 15 3751082.13982
45 30 3578030.43978
45 45 3503241.45976
45 60 3541888.11977
45 75 3511002.15976
45 90 3568112.13977
45 105 3532578.71976
45 120 3515116.73976
45 135 3530445.07976
45 150 3545936.89977
45 165 3533647.43977
45 180 3513479.21976
45 195 3536242.73977
45 210 3547537.81977
45 225 3513230.05976
45 240 3507164.87977
45 255 3516274.77976
45 270 3532526.09977
45 285 3500516.83976
45 300 3533820.61977
45 315 3542726.85977
45 330 3505495.75976
45 345 3514451.51976
45 360 3498497.93976
45 375 3552862.79977
45 390 3514029.73977
45 405 3518203.23977
45 420 3539617.19977
45 435 3505549.91976
45 450 3519079.71977
45 465 3509161.31977
45 480 3520439.15976
45 495 3524869.59977
45 510 3472816.19976
45 525 3513828.75977
45 540 3522904.81976
45 555 3541689.83977
45 570 3512336.85977
45 585 3479761.37976
45 600 3524586.59977
45 615 3514580.51977
45 630 3526396.43976
45 645 3555346.29977
45 660 3512274.19977
45 675 3496298.63976
45 690 3534240.09977
45 705 3522550.65977
45 720 3509600.73976
45 735 3500359.15976
45 750 3503373.99976
45 765 3530388.49976
45 780 3520167.99977
45 795 3511423.45977
45 810 3501709.11976
45 825 3534974.53976
45 840 3545582.65977
45 855 3521519.99977
45 870 3509860.35977
45 885 3487366.59976
45 900 3507554.73977
45 915 3522182.29977
45 930 3516111.07976
45 945 3520084.23977
45 960 3542199.77977
45 975 3530188.41977
46 0 4193424.82
46 15 3725912.15982
46 30 3555782.31977
46 45 3510634.41976
46 60 3473837.65976
46 75 3494768.81976
46 90 3533316.35977
46 105 3519986.87977
46 120 3543928.11977
46 135 3518242.99976
46 150 3549447.35977
47 0 4193177.32
47 15 3784072.75984
47 30 3579429.01978
47 45 3552188.25977
47 60 3537615.29977
47 75 3539962.23977
47 90 3548865.97977
47 105 3543321.31977
47 120 3525003.89977
47 135 3506504.47976
47 150 3514579.77976
47 165 3527020.43977
47 180 3515020.17976
47 195 3509248.95977
47 210 3530423.91977
47 225 3523261.93977
47 240 3498389.41977
47 255 3526763.73977
47 270 3471508.67976
47 285 3509836.55977
47 300 3512202.25976
47 315 3498571.39976
47 330 3525339.37977
47 345 3506816.65976
47 360 3522618.95977
47 375 3532267.91977
47 390 3518760.07977
47 405 3515594.93976
47 420 3488281.03976
47 435 3524481.79976
47 450 3518437.85977
47 465 3519263.37977
47 480 3531422.97977
47 495 3519747.83977
47 510 3523093.95977
47 525 3492475.97976
47 540 3495247.99976
47 555 3496351.45976
47 570 3499133.75976
47 585 3506864.07976
47 600 3488468.99976
47 615 3527637.27977
47 630 3513671.71976
47 645 3529983.59977
47 660 3548406.53977
47 675 3540691.19977
47 690 3512820.03977
47 705 3518848.93976
47 720 3510640.67976
47 735 3543494.09977
47 750 3491066.75976
47 765 3495422.57976
47 780 3537703.55977
47 795 3530427.27977
47 810 3537085.13977
47 825 3547453.17977
47 840 3493092.49976
47 855 3500507.81976
47 870 3524569.51976
47 885 3499391.07976
47 900 3539647.57977
47 915 3519229.87977
47 930 3508450.11976
47 945 3508081.17976
47 960 3492675.19976
47 975 3485462.55976
48 0 4193269.42
48 15 3745427.81982
48 30 3574675.55978
48 45 3566829.77977
48 60 3563306.17977
48 75 3542545.69977
48 90 3538550.31977
48 105 3543071.77977
48 120 3495368.91976
48 135 3551487.19977
48 150 3546846.89977
48 165 3539038.65977
48 180 3512093.47976
48 195 3544160.47977
48 210 3503022.35976
48 225 3537443.23977
48 240 3510522.25977
48 255 3495269.53976
48 270 3500821.47976
48 285 3521119.43977
48 300 3508663.39976
48 315 3525535.49977
48 330 3524230.53977
48 345 3497433.79976
48 360 3539609.01977
48 375 3548350.89977
48 390 3521025.73977
48 405 3502502.19976
48 420 3522608.71976
48 435 3536753.57977
49 0 4193279.48
49 15 3760486.03983
49 30 3520743.37977
49 45 3543128.73977
49 60 3524467.05976
49 75 3506309.67976
49 90 3523568.15977
49 105 3497842.11976
49 120 3533688.17977
49 135 3518651.89977
49 150 3552790.13977
49 165 3532965.99977
49 180 3536991.77977
49 195 3522699.33977
49 210 3499559.65977
49 225 3554536.87977
49 240 3533655.11977
49 255 3512751.49977
49 270 3540144.01977
49 285 3516107.11977
49 300 3544635.45977
